node1ID node2ID branchID x1 y1 z1 x2 y2 z2 radius time age type organ parent_node_id 
0 2 2 0.0000 0.0000 0.0000 0.1025 0.0898 0.4811 0.2000 0.5129 23.0000 1 3 2  
0 83 3 0.0000 0.0000 0.0000 0.1387 -0.0065 0.4803 0.2000 0.5129 20.0000 4 3 3  
0 164 4 0.0000 0.0000 0.0000 -0.1240 0.0357 0.4831 0.2000 0.5129 19.0000 4 3 4  
0 236 5 0.0000 0.0000 0.0000 -0.1050 -0.0597 0.4852 0.2000 0.5129 18.0000 4 3 5  
2 3 2 0.1025 0.0898 0.4811 0.2386 0.1968 0.9501 0.2000 1.0536 23.0000 1 3 2  
83 84 3 0.1387 -0.0065 0.4803 0.3157 -0.0190 0.9478 0.2000 1.0536 20.0000 4 3 3  
164 165 4 -0.1240 0.0357 0.4831 -0.2717 0.1138 0.9543 0.2000 1.0536 19.0000 4 3 4  
236 237 5 -0.1050 -0.0597 0.4852 -0.2341 -0.1210 0.9643 0.2000 1.0536 18.0000 4 3 5  
3 20 6 0.2386 0.1968 0.9501 0.3621 0.2280 1.9420 0.2000 2.1137 21.9464 3 3 6  
11 41 7 2.3465 1.6482 3.9368 2.9663 1.8349 4.6990 0.2000 2.1137 21.9464 3 3 7  
19 62 8 5.4695 3.8605 4.8444 5.9946 4.6967 5.0028 0.2000 2.1137 21.9464 3 3 8  
84 101 18 0.3157 -0.0190 0.9478 0.4044 0.0308 1.9426 0.2000 2.1137 18.9464 3 3 18  
92 122 19 2.7705 -0.3163 3.7813 3.3820 -0.1650 4.5579 0.2000 2.1137 18.9464 3 3 19  
100 143 20 6.3970 -0.9749 4.5283 7.3555 -1.1495 4.7534 0.2000 2.1137 18.9464 3 3 20  
165 182 30 -0.2717 0.1138 0.9543 -0.4121 0.2673 1.9324 0.2000 2.1137 17.9464 3 3 30  
173 200 31 -1.9009 1.9406 3.6835 -2.4137 2.5305 4.3073 0.2000 2.1137 17.9464 3 3 31  
181 218 32 -4.0314 4.8991 4.2895 -4.6934 5.6370 4.1582 0.2000 2.1137 17.9464 3 3 32  
237 254 42 -0.2341 -0.1210 0.9643 -0.2999 -0.2118 1.9580 0.2000 2.1137 16.9464 3 3 42  
245 272 43 -1.8853 -0.6191 4.1843 -2.4734 -0.5876 4.9924 0.2000 2.1137 16.9464 3 3 43  
253 290 44 -4.6574 -1.2074 6.4892 -5.5587 -1.1770 6.9211 0.2000 2.1137 16.9464 3 3 44  
3 4 2 0.2386 0.1968 0.9501 0.4071 0.3209 1.4042 0.2000 2.4875 23.0000 1 3 2  
11 12 2 2.3465 1.6482 3.9368 2.7039 1.9002 4.1793 0.2000 2.4875 23.0000 1 3 2  
84 85 3 0.3157 -0.0190 0.9478 0.5299 -0.0377 1.3992 0.2000 2.4875 20.0000 4 3 3  
92 93 3 2.7705 -0.3163 3.7813 3.2108 -0.3830 4.0087 0.2000 2.4875 20.0000 4 3 3  
165 166 4 -0.2717 0.1138 0.9543 -0.4413 0.2339 1.4091 0.2000 2.4875 19.0000 4 3 4  
173 174 4 -1.9009 1.9406 3.6835 -2.1725 2.3076 3.8875 0.2000 2.4875 19.0000 4 3 4  
237 238 5 -0.2341 -0.1210 0.9643 -0.3871 -0.1839 1.4362 0.2000 2.4875 18.0000 4 3 5  
245 246 5 -1.8853 -0.6191 4.1843 -2.2099 -0.6943 4.5571 0.2000 2.4875 18.0000 4 3 5  
4 5 2 0.4071 0.3209 1.4042 0.6067 0.4619 1.8404 0.2000 3.4875 23.0000 1 3 2  
85 86 3 0.5299 -0.0377 1.3992 0.7799 -0.0625 1.8315 0.2000 3.4875 20.0000 4 3 3  
93 94 3 3.2108 -0.3830 4.0087 3.6674 -0.4556 4.1989 0.2000 3.4875 20.0000 4 3 3  
166 167 4 -0.4413 0.2339 1.4091 -0.6307 0.3949 1.8429 0.2000 3.4875 19.0000 4 3 4  
174 175 4 -2.1725 2.3076 3.8875 -2.4582 2.6821 4.0552 0.2000 3.4875 19.0000 4 3 4  
238 239 5 -0.3871 -0.1839 1.4362 -0.5635 -0.2483 1.8996 0.2000 3.4875 18.0000 4 3 5  
246 247 5 -2.2099 -0.6943 4.5571 -2.5526 -0.7711 4.9130 0.2000 3.4875 18.0000 4 3 5  
12 13 2 2.7039 1.9002 4.1793 3.0725 2.1668 4.3867 0.2000 3.4875 23.0000 1 3 2  
22 35 11 0.5189 0.2568 9.1527 0.1068 0.1675 10.0594 0.0160 4.2414 20.8863 1 4 11  
43 56 14 6.6850 2.6464 10.7801 7.2107 2.3348 11.5717 0.0160 4.2414 20.8863 1 4 14  
64 77 17 9.5472 10.1246 7.9905 9.9828 10.8415 8.5348 0.0160 4.2414 20.8863 1 4 17  
103 116 23 0.4575 0.1653 8.8386 0.2654 0.4162 9.7874 0.0160 4.2414 17.8863 1 4 23  
123 131 25 4.9806 -0.0020 7.6129 5.3082 -0.5414 8.3886 0.0160 4.2414 17.8863 1 4 25  
143 146 27 7.3555 -1.1495 4.7534 8.3540 -1.1241 4.8020 0.0160 4.2414 17.8863 1 4 27  
256 267 47 -0.9832 -0.8275 8.5245 -1.2702 -1.0653 9.4525 0.0160 4.2414 15.8863 1 4 47  
273 280 49 -4.4301 -0.4512 7.6653 -5.0680 -0.6984 8.3948 0.0160 4.2414 15.8863 1 4 49  
20 23 9 0.3621 0.2280 1.9420 0.1880 0.6389 2.8369 0.0160 4.2414 20.8863 1 4 9  
21 29 10 0.5131 0.2826 5.5456 0.1516 0.1930 6.4737 0.0160 4.2414 20.8863 1 4 10  
41 44 12 2.9663 1.8349 4.6990 3.6158 1.9356 5.4527 0.0160 4.2414 20.8863 1 4 12  
42 50 13 5.0967 2.4285 7.5487 5.6777 2.9003 8.2120 0.0160 4.2414 20.8863 1 4 13  
62 65 15 5.9946 4.6967 5.0028 6.4939 5.5624 5.0382 0.0160 4.2414 20.8863 1 4 15  
63 71 16 8.1592 7.3326 6.1766 8.7523 8.1076 6.3949 0.0160 4.2414 20.8863 1 4 16  
101 104 21 0.4044 0.0308 1.9426 0.8235 0.0212 2.8505 0.0160 4.2414 17.8863 1 4 21  
102 110 22 0.5725 0.1256 5.3890 0.5470 0.3927 6.3523 0.0160 4.2414 17.8863 1 4 22  
122 125 24 3.3820 -0.1650 4.5579 4.1921 0.0679 5.0959 0.0160 4.2414 17.8863 1 4 24  
124 137 26 6.0555 0.9794 10.7428 6.4451 1.3345 11.5925 0.0160 4.2414 17.8863 1 4 26  
144 152 28 10.5587 -0.9148 6.0181 11.5010 -0.9477 6.3512 0.0160 4.2414 17.8863 1 4 28  
145 158 29 13.4797 -1.0361 7.8532 14.3084 -1.0652 8.4122 0.0160 4.2414 17.8863 1 4 29  
182 185 33 -0.4121 0.2673 1.9324 -0.8594 0.4024 2.8165 0.0160 4.2414 16.8863 1 4 33  
183 190 34 -0.8963 0.8195 5.2392 -1.2671 1.2116 6.0811 0.0160 4.2414 16.8863 1 4 34  
184 195 35 -1.5165 1.2966 8.5349 -2.0749 1.7171 9.2501 0.0160 4.2414 16.8863 1 4 35  
200 203 36 -2.4137 2.5305 4.3073 -2.8185 3.3592 4.6937 0.0160 4.2414 16.8863 1 4 36  
201 208 37 -4.2822 4.4653 6.3663 -4.9516 5.1446 6.6670 0.0160 4.2414 16.8863 1 4 37  
202 213 38 -6.1451 6.4269 8.4048 -6.5774 7.2242 8.8261 0.0160 4.2414 16.8863 1 4 38  
218 221 39 -4.6934 5.6370 4.1582 -5.3943 6.3195 3.9512 0.0160 4.2414 16.8863 1 4 39  
219 226 40 -6.6270 8.4149 4.2959 -7.1225 9.2800 4.2179 0.0160 4.2414 16.8863 1 4 40  
220 231 41 -9.1490 10.5957 4.8941 -9.8994 11.2415 5.0348 0.0160 4.2414 16.8863 1 4 41  
254 257 45 -0.2999 -0.2118 1.9580 -0.5893 -0.1413 2.9126 0.0160 4.2414 15.8863 1 4 45  
255 262 46 -0.6367 -0.5356 5.2403 -1.0965 -0.6136 6.1249 0.0160 4.2414 15.8863 1 4 46  
272 275 48 -2.4734 -0.5876 4.9924 -3.2003 -0.4803 5.6708 0.0160 4.2414 15.8863 1 4 48  
274 285 50 -6.4824 -0.3380 10.2667 -7.2661 -0.4954 10.8675 0.0160 4.2414 15.8863 1 4 50  
290 293 51 -5.5587 -1.1770 6.9211 -6.5061 -0.9646 7.1605 0.0160 4.2414 15.8863 1 4 51  
291 298 52 -8.5973 -1.0991 8.2450 -9.5101 -0.9484 8.6245 0.0160 4.2414 15.8863 1 4 52  
292 303 53 -11.6387 -0.9891 9.5600 -12.5290 -0.6515 9.8655 0.0160 4.2414 15.8863 1 4 53  
5 6 2 0.6067 0.4619 1.8404 0.8358 0.6196 2.2560 0.2000 5.4875 23.0000 1 3 2  
13 14 2 3.0725 2.1668 4.3867 3.4491 2.4476 4.5580 0.2000 5.4875 23.0000 1 3 2  
86 87 3 0.7799 -0.0625 1.8315 1.0639 -0.0934 2.2419 0.2000 5.4875 20.0000 4 3 3  
94 95 3 3.6674 -0.4556 4.1989 4.1373 -0.5340 4.3508 0.2000 5.4875 20.0000 4 3 3  
167 168 4 -0.6307 0.3949 1.8429 -0.8373 0.5956 2.2516 0.2000 5.4875 19.0000 4 3 4  
175 176 4 -2.4582 2.6821 4.0552 -2.7576 3.0605 4.1860 0.2000 5.4875 19.0000 4 3 4  
239 240 5 -0.5635 -0.2483 1.8996 -0.7629 -0.3143 2.3533 0.2000 5.4875 18.0000 4 3 5  
247 248 5 -2.5526 -0.7711 4.9130 -2.9128 -0.8493 5.2509 0.2000 5.4875 18.0000 4 3 5  
0 1 1 0.0000 0.0000 0.0000 0.0208 -0.7882 -0.6151 0.0500 6.0000 23.0000 1 2 1  
35 36 11 0.1068 0.1675 10.0594 -0.6971 0.2023 10.6532 0.0160 6.6741 20.8863 1 4 11  
50 51 13 5.6777 2.9003 8.2120 6.5042 3.2787 8.6288 0.0160 6.6741 20.8863 1 4 13  
56 57 14 7.2107 2.3348 11.5717 7.9407 2.2008 12.2419 0.0160 6.6741 20.8863 1 4 14  
65 66 15 6.4939 5.5624 5.0382 6.8419 6.4850 4.8718 0.0160 6.6741 20.8863 1 4 15  
71 72 16 8.7523 8.1076 6.3949 9.2430 8.9739 6.4889 0.0160 6.6741 20.8863 1 4 16  
77 78 17 9.9828 10.8415 8.5348 10.7250 11.4198 8.8735 0.0160 6.6741 20.8863 1 4 17  
116 117 23 0.2654 0.4162 9.7874 -0.3504 0.5295 10.5671 0.0160 6.6741 17.8863 1 4 23  
125 126 24 4.1921 0.0679 5.0959 4.9280 0.6364 5.4638 0.0160 6.6741 17.8863 1 4 24  
137 138 26 6.4451 1.3345 11.5925 7.1242 1.6585 12.2513 0.0160 6.6741 17.8863 1 4 26  
146 147 27 8.3540 -1.1241 4.8020 9.3219 -0.9450 4.6253 0.0160 6.6741 17.8863 1 4 27  
152 153 28 11.5010 -0.9477 6.3512 12.4201 -0.5556 6.3131 0.0160 6.6741 17.8863 1 4 28  
195 196 35 -2.0749 1.7171 9.2501 -2.7460 2.2916 9.7188 0.0160 6.6741 16.8863 1 4 35  
203 204 36 -2.8185 3.3592 4.6937 -3.5601 4.0226 4.7933 0.0160 6.6741 16.8863 1 4 36  
221 222 39 -5.3943 6.3195 3.9512 -5.9310 7.0443 3.5192 0.0160 6.6741 16.8863 1 4 39  
267 268 47 -1.2702 -1.0653 9.4525 -1.7163 -1.5761 10.1874 0.0160 6.6741 15.8863 1 4 47  
275 276 48 -3.2003 -0.4803 5.6708 -4.0487 -0.3280 6.1777 0.0160 6.6741 15.8863 1 4 48  
280 281 49 -5.0680 -0.6984 8.3948 -5.7254 -1.1058 9.0287 0.0160 6.6741 15.8863 1 4 49  
285 286 50 -7.2661 -0.4954 10.8675 -8.2302 -0.6069 11.1087 0.0160 6.6741 15.8863 1 4 50  
23 24 9 0.1880 0.6389 2.8369 -0.2708 1.3121 3.4168 0.0160 6.6741 20.8863 1 4 9  
29 30 10 0.1516 0.1930 6.4737 -0.2383 0.5682 7.3146 0.0160 6.6741 20.8863 1 4 10  
44 45 12 3.6158 1.9356 5.4527 4.4113 1.9374 6.0587 0.0160 6.6741 20.8863 1 4 12  
104 105 21 0.8235 0.0212 2.8505 1.4415 0.1310 3.6289 0.0160 6.6741 17.8863 1 4 21  
110 111 22 0.5470 0.3927 6.3523 0.4673 0.9855 7.1537 0.0160 6.6741 17.8863 1 4 22  
131 132 25 5.3082 -0.5414 8.3886 5.7618 -1.2584 8.9180 0.0160 6.6741 17.8863 1 4 25  
158 159 29 14.3084 -1.0652 8.4122 15.0731 -0.5675 8.8214 0.0160 6.6741 17.8863 1 4 29  
185 186 33 -0.8594 0.4024 2.8165 -1.6108 0.3598 3.4751 0.0160 6.6741 16.8863 1 4 33  
190 191 34 -1.2671 1.2116 6.0811 -1.8828 1.5727 6.7814 0.0160 6.6741 16.8863 1 4 34  
208 209 37 -4.9516 5.1446 6.6670 -5.7204 5.7602 6.8402 0.0160 6.6741 16.8863 1 4 37  
213 214 38 -6.5774 7.2242 8.8261 -6.7776 8.1924 8.9762 0.0160 6.6741 16.8863 1 4 38  
226 227 40 -7.1225 9.2800 4.2179 -7.5428 10.1639 4.0128 0.0160 6.6741 16.8863 1 4 40  
231 232 41 -9.8994 11.2415 5.0348 -10.7667 11.7076 4.8605 0.0160 6.6741 16.8863 1 4 41  
257 258 45 -0.5893 -0.1413 2.9126 -1.0681 -0.0388 3.7845 0.0160 6.6741 15.8863 1 4 45  
262 263 46 -1.0965 -0.6136 6.1249 -1.8521 -0.9201 6.7038 0.0160 6.6741 15.8863 1 4 46  
293 294 51 -6.5061 -0.9646 7.1605 -7.3023 -0.3614 7.1124 0.0160 6.6741 15.8863 1 4 51  
298 299 52 -9.5101 -0.9484 8.6245 -10.5023 -0.8362 8.6784 0.0160 6.6741 15.8863 1 4 52  
303 304 53 -12.5290 -0.6515 9.8655 -13.4069 -0.1731 9.8433 0.0160 6.6741 15.8863 1 4 53  
6 7 2 0.8358 0.6196 2.2560 1.0923 0.7936 2.6483 0.2000 7.4515 23.0000 1 3 2  
14 15 2 3.4491 2.4476 4.5580 3.8300 2.7423 4.6924 0.2000 7.4515 23.0000 1 3 2  
87 88 3 1.0639 -0.0934 2.2419 1.3800 -0.1303 2.6275 0.2000 7.4515 20.0000 4 3 3  
95 96 3 4.1373 -0.5340 4.3508 4.6171 -0.6183 4.4634 0.2000 7.4515 20.0000 4 3 3  
168 169 4 -0.8373 0.5956 2.2516 -1.0582 0.8345 2.6313 0.2000 7.4515 19.0000 4 3 4  
176 177 4 -2.7576 3.0605 4.1860 -3.0511 3.4544 4.2794 0.2000 7.4515 19.0000 4 3 4  
240 241 5 -0.7629 -0.3143 2.3533 -0.9848 -0.3818 2.7963 0.2000 7.4515 18.0000 4 3 5  
248 249 5 -2.9128 -0.8493 5.2509 -3.2893 -0.9291 5.5700 0.2000 7.4515 18.0000 4 3 5  
7 8 2 1.0923 0.7936 2.6483 1.3743 0.9839 3.0147 0.2000 9.4875 23.0000 1 3 2  
15 16 2 3.8300 2.7423 4.6924 4.2265 3.0310 4.7894 0.2000 9.4875 23.0000 1 3 2  
88 89 3 1.3800 -0.1303 2.6275 1.7260 -0.1732 2.9859 0.2000 9.4875 20.0000 4 3 3  
96 97 3 4.6171 -0.6183 4.4634 5.1035 -0.7083 4.5360 0.2000 9.4875 20.0000 4 3 3  
169 170 4 -1.0582 0.8345 2.6313 -1.2900 1.1098 2.9784 0.2000 9.4875 19.0000 4 3 4  
177 178 4 -3.0511 3.4544 4.2794 -3.3386 3.8599 4.3339 0.2000 9.4875 19.0000 4 3 4  
241 242 5 -0.9848 -0.3818 2.7963 -1.2286 -0.4508 3.2273 0.2000 9.4875 18.0000 4 3 5  
249 250 5 -3.2893 -0.9291 5.5700 -3.6813 -1.0105 5.8696 0.2000 9.4875 18.0000 4 3 5  
36 37 11 -0.6971 0.2023 10.6532 -1.6394 0.0840 10.9664 0.0160 9.5141 20.8863 1 4 11  
153 154 28 12.4201 -0.5556 6.3131 13.2853 -0.1390 6.0340 0.0160 9.5141 17.8863 1 4 28  
196 197 35 -2.7460 2.2916 9.7188 -3.4605 2.9303 10.0043 0.0160 9.5141 16.8863 1 4 35  
222 223 39 -5.9310 7.0443 3.5192 -6.2701 7.7225 2.8672 0.0160 9.5141 16.8863 1 4 39  
268 269 47 -1.7163 -1.5761 10.1874 -2.2418 -2.1929 10.7733 0.0160 9.5141 15.8863 1 4 47  
51 52 13 6.5042 3.2787 8.6288 7.3990 3.7050 8.7612 0.0160 9.5141 20.8863 1 4 13  
72 73 16 9.2430 8.9739 6.4889 9.8492 9.7526 6.3276 0.0160 9.5141 20.8863 1 4 16  
78 79 17 10.7250 11.4198 8.8735 11.4258 12.1217 9.0008 0.0160 9.5141 20.8863 1 4 17  
105 106 21 1.4415 0.1310 3.6289 2.2948 0.1497 4.1501 0.0160 9.5141 17.8863 1 4 21  
138 139 26 7.1242 1.6585 12.2513 7.9783 2.0414 12.6031 0.0160 9.5141 17.8863 1 4 26  
147 148 27 9.3219 -0.9450 4.6253 10.2144 -0.6625 4.2737 0.0160 9.5141 17.8863 1 4 27  
159 160 29 15.0731 -0.5675 8.8214 15.7634 0.1017 9.0964 0.0160 9.5141 17.8863 1 4 29  
191 192 34 -1.8828 1.5727 6.7814 -2.7317 1.8232 7.2470 0.0160 9.5141 16.8863 1 4 34  
204 205 36 -3.5601 4.0226 4.7933 -4.3774 4.5496 4.5602 0.0160 9.5141 16.8863 1 4 36  
209 210 37 -5.7204 5.7602 6.8402 -6.5026 6.3082 6.5438 0.0160 9.5141 16.8863 1 4 37  
227 228 40 -7.5428 10.1639 4.0128 -7.5814 11.0152 3.4896 0.0160 9.5141 16.8863 1 4 40  
258 259 45 -1.0681 -0.0388 3.7845 -1.5939 0.2614 4.5804 0.0160 9.5141 15.8863 1 4 45  
24 25 9 -0.2708 1.3121 3.4168 -0.5725 2.1632 3.8465 0.0160 9.5141 20.8863 1 4 9  
30 31 10 -0.2383 0.5682 7.3146 -0.9368 0.9338 7.9298 0.0160 9.5141 20.8863 1 4 10  
45 46 12 4.4113 1.9374 6.0587 5.3504 1.7400 6.3398 0.0160 9.5141 20.8863 1 4 12  
57 58 14 7.9407 2.2008 12.2419 8.8275 2.0667 12.6840 0.0160 9.5141 20.8863 1 4 14  
66 67 15 6.8419 6.4850 4.8718 6.9302 7.3132 4.3183 0.0160 9.5141 20.8863 1 4 15  
111 112 22 0.4673 0.9855 7.1537 0.0791 1.7132 7.7192 0.0160 9.5141 17.8863 1 4 22  
117 118 23 -0.3504 0.5295 10.5671 -1.2036 0.6231 11.0802 0.0160 9.5141 17.8863 1 4 23  
126 127 24 4.9280 0.6364 5.4638 5.6186 1.3450 5.6083 0.0160 9.5141 17.8863 1 4 24  
132 133 25 5.7618 -1.2584 8.9180 6.4018 -2.0155 9.0490 0.0160 9.5141 17.8863 1 4 25  
186 187 33 -1.6108 0.3598 3.4751 -2.4267 0.1446 4.0117 0.0160 9.5141 16.8863 1 4 33  
214 215 38 -6.7776 8.1924 8.9762 -7.0477 9.1504 8.8796 0.0160 9.5141 16.8863 1 4 38  
232 233 41 -10.7667 11.7076 4.8605 -11.5353 11.9302 4.2607 0.0160 9.5141 16.8863 1 4 41  
263 264 46 -1.8521 -0.9201 6.7038 -2.6056 -1.4552 7.0858 0.0160 9.5141 15.8863 1 4 46  
276 277 48 -4.0487 -0.3280 6.1777 -4.9931 -0.1884 6.4756 0.0160 9.5141 15.8863 1 4 48  
281 282 49 -5.7254 -1.1058 9.0287 -6.4688 -1.5903 9.4897 0.0160 9.5141 15.8863 1 4 49  
286 287 50 -8.2302 -0.6069 11.1087 -9.2267 -0.6182 11.0258 0.0160 9.5141 15.8863 1 4 50  
294 295 51 -7.3023 -0.3614 7.1124 -8.1310 0.1236 6.8329 0.0160 9.5141 15.8863 1 4 51  
299 300 52 -10.5023 -0.8362 8.6784 -11.4541 -0.7923 8.3747 0.0160 9.5141 15.8863 1 4 52  
304 305 53 -13.4069 -0.1731 9.8433 -14.3043 0.0729 9.4770 0.0160 9.5141 15.8863 1 4 53  
8 9 2 1.3743 0.9839 3.0147 1.6792 1.1900 3.3532 0.2000 12.4875 23.0000 1 3 2  
16 17 2 4.2265 3.0310 4.7894 4.6347 3.3138 4.8477 0.2000 12.4875 23.0000 1 3 2  
89 90 3 1.7260 -0.1732 2.9859 2.0996 -0.2221 3.3145 0.2000 12.4875 20.0000 4 3 3  
97 98 3 5.1035 -0.7083 4.5360 5.5932 -0.8041 4.5682 0.2000 12.4875 20.0000 4 3 3  
170 171 4 -1.2900 1.1098 2.9784 -1.5291 1.4194 3.2898 0.2000 12.4875 19.0000 4 3 4  
178 179 4 -3.3386 3.8599 4.3339 -3.6201 4.2728 4.3486 0.2000 12.4875 19.0000 4 3 4  
250 251 5 -3.6813 -1.0105 5.8696 -4.0877 -1.0933 6.1489 0.2000 12.4875 18.0000 4 3 5  
242 243 5 -1.2286 -0.4508 3.2273 -1.4937 -0.5214 3.6453 0.2000 12.4875 18.0000 4 3 5  
154 155 28 13.2853 -0.1390 6.0340 14.0424 0.3499 5.6006 0.0160 12.9255 17.8863 1 4 28  
31 32 10 -0.9368 0.9338 7.9298 -1.7787 1.3328 8.2930 0.0160 12.9255 20.8863 1 4 10  
37 38 11 -1.6394 0.0840 10.9664 -2.6303 0.1730 10.8653 0.0160 12.9255 20.8863 1 4 11  
67 68 15 6.9302 7.3132 4.3183 7.2135 7.7496 3.4644 0.0160 12.9255 20.8863 1 4 15  
73 74 16 9.8492 9.7526 6.3276 10.2387 10.5245 5.8251 0.0160 12.9255 20.8863 1 4 16  
106 107 21 2.2948 0.1497 4.1501 3.2570 0.3051 4.3739 0.0160 12.9255 17.8863 1 4 21  
112 113 22 0.0791 1.7132 7.7192 -0.2130 2.6413 7.9502 0.0160 12.9255 17.8863 1 4 22  
127 128 24 5.6186 1.3450 5.6083 6.1179 2.1845 5.3940 0.0160 12.9255 17.8863 1 4 24  
148 149 27 10.2144 -0.6625 4.2737 11.0056 -0.6901 3.6629 0.0160 12.9255 17.8863 1 4 27  
160 161 29 15.7634 0.1017 9.0964 16.5886 0.6638 9.1518 0.0160 12.9255 17.8863 1 4 29  
192 193 34 -2.7317 1.8232 7.2470 -3.6552 1.9821 7.5959 0.0160 12.9255 16.8863 1 4 34  
197 198 35 -3.4605 2.9303 10.0043 -4.3707 3.3400 10.0648 0.0160 12.9255 16.8863 1 4 35  
210 211 37 -6.5026 6.3082 6.5438 -7.2201 6.7742 6.0261 0.0160 12.9255 16.8863 1 4 37  
223 224 39 -6.2701 7.7225 2.8672 -6.5380 8.3569 2.1421 0.0160 12.9255 16.8863 1 4 39  
228 229 40 -7.5814 11.0152 3.4896 -7.6198 11.7387 2.8003 0.0160 12.9255 16.8863 1 4 40  
269 270 47 -2.2418 -2.1929 10.7733 -2.9813 -2.6981 11.2181 0.0160 12.9255 15.8863 1 4 47  
295 296 51 -8.1310 0.1236 6.8329 -8.8239 0.5598 6.2589 0.0160 12.9255 15.8863 1 4 51  
52 53 13 7.3990 3.7050 8.7612 8.3702 3.8777 8.5974 0.0160 12.9255 20.8863 1 4 13  
58 59 14 8.8275 2.0667 12.6840 9.7438 1.6845 12.8043 0.0160 12.9255 20.8863 1 4 14  
79 80 17 11.4258 12.1217 9.0008 12.1573 12.7980 8.9146 0.0160 12.9255 20.8863 1 4 17  
118 119 23 -1.2036 0.6231 11.0802 -2.1098 0.7076 11.4944 0.0160 12.9255 17.8863 1 4 23  
133 134 25 6.4018 -2.0155 9.0490 7.1804 -2.6171 8.8709 0.0160 12.9255 17.8863 1 4 25  
139 140 26 7.9783 2.0414 12.6031 8.8353 2.5520 12.5328 0.0160 12.9255 17.8863 1 4 26  
187 188 33 -2.4267 0.1446 4.0117 -3.3063 -0.2860 4.2139 0.0160 12.9255 16.8863 1 4 33  
205 206 36 -4.3774 4.5496 4.5602 -5.1761 4.8607 4.0451 0.0160 12.9255 16.8863 1 4 36  
215 216 38 -7.0477 9.1504 8.8796 -7.4178 9.9984 8.5004 0.0160 12.9255 16.8863 1 4 38  
233 234 41 -11.5353 11.9302 4.2607 -12.2026 12.1900 3.5627 0.0160 12.9255 16.8863 1 4 41  
259 260 45 -1.5939 0.2614 4.5804 -2.2946 0.5103 5.2490 0.0160 12.9255 15.8863 1 4 45  
264 265 46 -2.6056 -1.4552 7.0858 -3.3959 -2.0269 7.3064 0.0160 12.9255 15.8863 1 4 46  
277 278 48 -4.9931 -0.1884 6.4756 -5.9249 -0.0280 6.1501 0.0160 12.9255 15.8863 1 4 48  
282 283 49 -6.4688 -1.5903 9.4897 -7.2724 -2.1589 9.6657 0.0160 12.9255 15.8863 1 4 49  
287 288 50 -9.2267 -0.6182 11.0258 -10.1479 -0.7097 10.6477 0.0160 12.9255 15.8863 1 4 50  
25 26 9 -0.5725 2.1632 3.8465 -0.7760 3.1315 3.9912 0.0160 12.9255 20.8863 1 4 9  
46 47 12 5.3504 1.7400 6.3398 6.3285 1.5343 6.3091 0.0160 12.9255 20.8863 1 4 12  
300 301 52 -11.4541 -0.7923 8.3747 -12.1587 -0.4979 7.7291 0.0160 12.9255 15.8863 1 4 52  
305 306 53 -14.3043 0.0729 9.4770 -15.1585 0.0678 8.9570 0.0160 12.9255 15.8863 1 4 53  
252 253 5 -4.5074 -1.1776 6.4071 -4.6574 -1.2074 6.4892 0.2000 15.6252 18.0000 4 3 5  
244 245 5 -1.7793 -0.5936 4.0493 -1.8853 -0.6191 4.1843 0.2000 16.0471 18.0000 4 3 5  
9 10 2 1.6792 1.1900 3.3532 2.0045 1.4118 3.6614 0.2000 17.0019 23.0000 1 3 2  
17 18 2 4.6347 3.3138 4.8477 5.0508 3.5905 4.8662 0.2000 17.0019 23.0000 1 3 2  
90 91 3 2.0996 -0.2221 3.3145 2.4983 -0.2770 3.6113 0.2000 17.0019 20.0000 4 3 3  
98 99 3 5.5932 -0.8041 4.5682 6.0827 -0.9056 4.5598 0.2000 17.0019 20.0000 4 3 3  
171 172 4 -1.5291 1.4194 3.2898 -1.7713 1.7611 3.5628 0.2000 17.0019 19.0000 4 3 4  
179 180 4 -3.6201 4.2728 4.3486 -3.8955 4.6893 4.3229 0.2000 17.0019 19.0000 4 3 4  
243 244 5 -1.4937 -0.5214 3.6453 -1.7793 -0.5936 4.0493 0.2000 17.0019 18.0000 4 3 5  
251 252 5 -4.0877 -1.0933 6.1489 -4.5074 -1.1776 6.4071 0.2000 17.0019 18.0000 4 3 5  
155 156 28 14.0424 0.3499 5.6006 14.6402 0.7085 4.8837 0.0160 17.1978 17.8863 1 4 28  
134 135 25 7.1804 -2.6171 8.8709 7.9552 -2.8974 8.3041 0.0160 17.1978 17.8863 1 4 25  
161 162 29 16.5886 0.6638 9.1518 17.3727 1.2674 9.0071 0.0160 17.1978 17.8863 1 4 29  
198 199 35 -4.3707 3.3400 10.0648 -5.1974 3.8836 9.9200 0.0160 17.1978 16.8863 1 4 35  
32 33 10 -1.7787 1.3328 8.2930 -2.7605 1.5050 8.2123 0.0160 17.1978 20.8863 1 4 10  
38 39 11 -2.6303 0.1730 10.8653 -3.5393 0.4325 10.5393 0.0160 17.1978 20.8863 1 4 11  
68 69 15 7.2135 7.7496 3.4644 7.0932 7.9418 2.4904 0.0160 17.1978 20.8863 1 4 15  
80 81 17 12.1573 12.7980 8.9146 12.8574 13.3914 8.5172 0.0160 17.1978 20.8863 1 4 17  
107 108 21 3.2570 0.3051 4.3739 4.2334 0.5161 4.3281 0.0160 17.1978 17.8863 1 4 21  
113 114 22 -0.2130 2.6413 7.9502 -0.2691 3.6358 7.8617 0.0160 17.1978 17.8863 1 4 22  
193 194 34 -3.6552 1.9821 7.5959 -4.6253 2.0788 7.8187 0.0160 17.1978 16.8863 1 4 34  
216 217 38 -7.4178 9.9984 8.5004 -7.4299 10.7090 7.7969 0.0160 17.1978 16.8863 1 4 38  
229 230 40 -7.6198 11.7387 2.8003 -7.6370 12.1870 1.9066 0.0160 17.1978 16.8863 1 4 40  
270 271 47 -2.9813 -2.6981 11.2181 -3.8290 -3.1919 11.4122 0.0160 17.1978 15.8863 1 4 47  
296 297 51 -8.8239 0.5598 6.2589 -9.1460 1.0028 5.4222 0.0160 17.1978 15.8863 1 4 51  
53 54 13 8.3702 3.8777 8.5974 9.2037 4.1636 8.1245 0.0160 17.1978 20.8863 1 4 13  
119 120 23 -2.1098 0.7076 11.4944 -3.0912 0.8772 11.5849 0.0160 17.1978 17.8863 1 4 23  
128 129 24 6.1179 2.1845 5.3940 6.4687 2.9704 4.8847 0.0160 17.1978 17.8863 1 4 24  
140 141 26 8.8353 2.5520 12.5328 9.5147 3.1982 12.1854 0.0160 17.1978 17.8863 1 4 26  
149 150 27 11.0056 -0.6901 3.6629 11.5169 -0.8799 2.8246 0.0160 17.1978 17.8863 1 4 27  
188 189 33 -3.3063 -0.2860 4.2139 -4.1197 -0.6751 3.7816 0.0160 17.1978 16.8863 1 4 33  
206 207 36 -5.1761 4.8607 4.0451 -5.7227 5.0663 3.2334 0.0160 17.1978 16.8863 1 4 36  
211 212 37 -7.2201 6.7742 6.0261 -8.0036 6.8877 5.4151 0.0160 17.1978 16.8863 1 4 37  
224 225 39 -6.5380 8.3569 2.1421 -6.8178 8.9293 1.3713 0.0160 17.1978 16.8863 1 4 39  
234 235 41 -12.2026 12.1900 3.5627 -12.6843 12.4584 2.7285 0.0160 17.1978 16.8863 1 4 41  
260 261 45 -2.2946 0.5103 5.2490 -3.1362 0.8512 5.6679 0.0160 17.1978 15.8863 1 4 45  
265 266 46 -3.3959 -2.0269 7.3064 -4.3071 -2.4235 7.1947 0.0160 17.1978 15.8863 1 4 46  
278 279 48 -5.9249 -0.0280 6.1501 -6.6913 0.2283 5.5611 0.0160 17.1978 15.8863 1 4 48  
288 289 50 -10.1479 -0.7097 10.6477 -10.9083 -1.0171 10.0757 0.0160 17.1978 15.8863 1 4 50  
301 302 52 -12.1587 -0.4979 7.7291 -12.6383 -0.0877 6.9534 0.0160 17.1978 15.8863 1 4 52  
306 307 53 -15.1585 0.0678 8.9570 -15.8923 0.1009 8.2785 0.0160 17.1978 15.8863 1 4 53  
59 60 14 9.7438 1.6845 12.8043 10.6207 1.2178 12.6891 0.0160 17.1978 20.8863 1 4 14  
74 75 16 10.2387 10.5245 5.8251 10.5695 11.2077 5.1742 0.0160 17.1978 20.8863 1 4 16  
283 284 49 -7.2724 -2.1589 9.6657 -8.1070 -2.7083 9.7039 0.0160 17.1978 15.8863 1 4 49  
26 27 9 -0.7760 3.1315 3.9912 -0.8667 4.1084 3.7980 0.0160 17.1978 20.8863 1 4 9  
47 48 12 6.3285 1.5343 6.3091 7.3032 1.3748 6.1520 0.0160 17.1978 20.8863 1 4 12  
254 255 42 -0.2999 -0.2118 1.9580 -0.6367 -0.5356 5.2403 0.2000 17.4861 16.9464 3 3 42  
255 256 42 -0.6367 -0.5356 5.2403 -0.9832 -0.8275 8.5245 0.2000 17.4861 16.9464 3 3 42  
272 273 43 -2.4734 -0.5876 4.9924 -4.4301 -0.4512 7.6653 0.2000 17.4861 16.9464 3 3 43  
273 274 43 -4.4301 -0.4512 7.6653 -6.4824 -0.3380 10.2667 0.2000 17.4861 16.9464 3 3 43  
290 291 44 -5.5587 -1.1770 6.9211 -8.5973 -1.0991 8.2450 0.2000 17.4861 16.9464 3 3 44  
291 292 44 -8.5973 -1.0991 8.2450 -11.6387 -0.9891 9.5600 0.2000 17.4861 16.9464 3 3 44  
182 183 30 -0.4121 0.2673 1.9324 -0.8963 0.8195 5.2392 0.2000 18.4861 17.9464 3 3 30  
183 184 30 -0.8963 0.8195 5.2392 -1.5165 1.2966 8.5349 0.2000 18.4861 17.9464 3 3 30  
200 201 31 -2.4137 2.5305 4.3073 -4.2822 4.4653 6.3663 0.2000 18.4861 17.9464 3 3 31  
201 202 31 -4.2822 4.4653 6.3663 -6.1451 6.4269 8.4048 0.2000 18.4861 17.9464 3 3 31  
218 219 32 -4.6934 5.6370 4.1582 -6.6270 8.4149 4.2959 0.2000 18.4861 17.9464 3 3 32  
219 220 32 -6.6270 8.4149 4.2959 -9.1490 10.5957 4.8941 0.2000 18.4861 17.9464 3 3 32  
172 173 4 -1.7713 1.7611 3.5628 -1.9009 1.9406 3.6835 0.2000 18.4875 19.0000 4 3 4  
180 181 4 -3.8955 4.6893 4.3229 -4.0314 4.8991 4.2895 0.2000 18.4875 19.0000 4 3 4  
101 102 18 0.4044 0.0308 1.9426 0.5725 0.1256 5.3890 0.2000 19.4861 18.9464 3 3 18  
102 103 18 0.5725 0.1256 5.3890 0.4575 0.1653 8.8386 0.2000 19.4861 18.9464 3 3 18  
122 123 19 3.3820 -0.1650 4.5579 4.9806 -0.0020 7.6129 0.2000 19.4861 18.9464 3 3 19  
123 124 19 4.9806 -0.0020 7.6129 6.0555 0.9794 10.7428 0.2000 19.4861 18.9464 3 3 19  
143 144 20 7.3555 -1.1495 4.7534 10.5587 -0.9148 6.0181 0.2000 19.4861 18.9464 3 3 20  
144 145 20 10.5587 -0.9148 6.0181 13.4797 -1.0361 7.8532 0.2000 19.4861 18.9464 3 3 20  
91 92 3 2.4983 -0.2770 3.6113 2.7705 -0.3163 3.7813 0.2000 19.4875 20.0000 4 3 3  
99 100 3 6.0827 -0.9056 4.5598 6.3970 -0.9749 4.5283 0.2000 19.4875 20.0000 4 3 3  
162 163 29 17.3727 1.2674 9.0071 17.6839 1.6330 8.7782 0.0160 20.0000 17.8863 1 4 29  
108 109 21 4.2334 0.5161 4.3281 4.6950 0.4001 4.0908 0.0160 20.0000 17.8863 1 4 21  
114 115 22 -0.2691 3.6358 7.8617 -0.4522 4.1235 7.7546 0.0160 20.0000 17.8863 1 4 22  
120 121 23 -3.0912 0.8772 11.5849 -3.6054 0.9102 11.4530 0.0160 20.0000 17.8863 1 4 23  
129 130 24 6.4687 2.9704 4.8847 6.5632 3.3463 4.5205 0.0160 20.0000 17.8863 1 4 24  
135 136 25 7.9552 -2.8974 8.3041 8.2707 -3.0616 7.9086 0.0160 20.0000 17.8863 1 4 25  
141 142 26 9.5147 3.1982 12.1854 9.7762 3.3178 11.7379 0.0160 20.0000 17.8863 1 4 26  
150 151 27 11.5169 -0.8799 2.8246 11.5187 -0.9201 2.2943 0.0160 20.0000 17.8863 1 4 27  
156 157 28 14.6402 0.7085 4.8837 14.9182 0.8366 4.4487 0.0160 20.0000 17.8863 1 4 28  
20 21 6 0.3621 0.2280 1.9420 0.5131 0.2826 5.5456 0.2000 22.4861 21.9464 3 3 6  
21 22 6 0.5131 0.2826 5.5456 0.5189 0.2568 9.1527 0.2000 22.4861 21.9464 3 3 6  
41 42 7 2.9663 1.8349 4.6990 5.0967 2.4285 7.5487 0.2000 22.4861 21.9464 3 3 7  
42 43 7 5.0967 2.4285 7.5487 6.6850 2.6464 10.7801 0.2000 22.4861 21.9464 3 3 7  
62 63 8 5.9946 4.6967 5.0028 8.1592 7.3326 6.1766 0.2000 22.4861 21.9464 3 3 8  
63 64 8 8.1592 7.3326 6.1766 9.5472 10.1246 7.9905 0.2000 22.4861 21.9464 3 3 8  
10 11 2 2.0045 1.4118 3.6614 2.3465 1.6482 3.9368 0.2000 22.4875 23.0000 1 3 2  
18 19 2 5.0508 3.5905 4.8662 5.4695 3.8605 4.8444 0.2000 22.4875 23.0000 1 3 2  
39 40 11 -3.5393 0.4325 10.5393 -4.4077 0.6667 10.1022 0.0160 22.9178 20.8863 1 4 11  
54 55 13 9.2037 4.1636 8.1245 9.9558 4.4004 7.5095 0.0160 22.9178 20.8863 1 4 13  
69 70 15 7.0932 7.9418 2.4904 6.9954 7.8729 1.4976 0.0160 22.9178 20.8863 1 4 15  
81 82 17 12.8574 13.3914 8.5172 13.5209 13.6858 7.8294 0.0160 22.9178 20.8863 1 4 17  
33 34 10 -2.7605 1.5050 8.2123 -3.5901 1.5934 7.6610 0.0160 22.9178 20.8863 1 4 10  
75 76 16 10.5695 11.2077 5.1742 10.7627 11.7678 4.3685 0.0160 22.9178 20.8863 1 4 16  
48 49 12 7.3032 1.3748 6.1520 8.2538 1.1839 5.9073 0.0160 22.9178 20.8863 1 4 12  
60 61 14 10.6207 1.2178 12.6891 11.5035 0.8681 12.3756 0.0160 22.9178 20.8863 1 4 14  
27 28 9 -0.8667 4.1084 3.7980 -0.7709 4.8910 3.1829 0.0160 22.9178 20.8863 1 4 9  
