node1ID node2ID branchID x1 y1 z1 x2 y2 z2 radius time age type organ parent_node_id 
0 2 2 0.0000 0.0000 0.0000 0.1025 0.0898 0.4811 0.2000 0.5129 22.0000 1 3 2  
0 83 3 0.0000 0.0000 0.0000 0.1387 -0.0065 0.4803 0.2000 0.5129 19.0000 4 3 3  
0 155 4 0.0000 0.0000 0.0000 -0.1240 0.0357 0.4831 0.2000 0.5129 18.0000 4 3 4  
0 227 5 0.0000 0.0000 0.0000 -0.1050 -0.0597 0.4852 0.2000 0.5129 17.0000 4 3 5  
2 3 2 0.1025 0.0898 0.4811 0.2386 0.1968 0.9501 0.2000 1.0536 22.0000 1 3 2  
83 84 3 0.1387 -0.0065 0.4803 0.3157 -0.0190 0.9478 0.2000 1.0536 19.0000 4 3 3  
155 156 4 -0.1240 0.0357 0.4831 -0.2717 0.1138 0.9543 0.2000 1.0536 18.0000 4 3 4  
227 228 5 -0.1050 -0.0597 0.4852 -0.2341 -0.1210 0.9643 0.2000 1.0536 17.0000 4 3 5  
3 20 6 0.2386 0.1968 0.9501 0.3621 0.2280 1.9420 0.2000 2.1137 20.9464 3 3 6  
11 41 7 2.3103 1.6232 3.9077 2.9302 1.8099 4.6699 0.2000 2.1137 20.9464 3 3 7  
19 62 8 5.3891 3.8070 4.8176 5.9142 4.6431 4.9760 0.2000 2.1137 20.9464 3 3 8  
84 101 18 0.3157 -0.0190 0.9478 0.4044 0.0308 1.9426 0.2000 2.1137 17.9464 3 3 18  
92 119 19 2.7105 -0.3076 3.7439 3.3221 -0.1563 4.5205 0.2000 2.1137 17.9464 3 3 19  
100 137 20 6.2679 -0.9510 4.4978 7.2264 -1.1256 4.7229 0.2000 2.1137 17.9464 3 3 20  
156 173 30 -0.2717 0.1138 0.9543 -0.4121 0.2673 1.9324 0.2000 2.1137 16.9464 3 3 30  
164 191 31 -1.8605 1.8846 3.6458 -2.3733 2.4745 4.2697 0.2000 2.1137 16.9464 3 3 31  
172 209 32 -3.9486 4.7777 4.2623 -4.6105 5.5156 4.1310 0.2000 2.1137 16.9464 3 3 32  
228 243 42 -0.2341 -0.1210 0.9643 -0.2999 -0.2118 1.9580 0.2000 2.1137 15.9464 3 3 42  
235 261 43 -1.7793 -0.5936 4.0493 -2.3259 -0.5590 4.8860 0.2000 2.1137 15.9464 3 3 43  
242 279 44 -4.2871 -1.1414 6.4028 -5.1401 -1.1048 6.9235 0.2000 2.1137 15.9464 3 3 44  
3 4 2 0.2386 0.1968 0.9501 0.4071 0.3209 1.4042 0.2000 2.4875 22.0000 1 3 2  
11 12 2 2.3103 1.6232 3.9077 2.6677 1.8752 4.1502 0.2000 2.4875 22.0000 1 3 2  
84 85 3 0.3157 -0.0190 0.9478 0.5299 -0.0377 1.3992 0.2000 2.4875 19.0000 4 3 3  
92 93 3 2.7105 -0.3076 3.7439 3.1509 -0.3743 3.9712 0.2000 2.4875 19.0000 4 3 3  
156 157 4 -0.2717 0.1138 0.9543 -0.4413 0.2339 1.4091 0.2000 2.4875 18.0000 4 3 4  
164 165 4 -1.8605 1.8846 3.6458 -2.1321 2.2516 3.8498 0.2000 2.4875 18.0000 4 3 4  
228 229 5 -0.2341 -0.1210 0.9643 -0.3871 -0.1839 1.4362 0.2000 2.4875 17.0000 4 3 5  
235 236 5 -1.7793 -0.5936 4.0493 -2.0848 -0.6672 4.4382 0.2000 2.4875 17.0000 4 3 5  
4 5 2 0.4071 0.3209 1.4042 0.6067 0.4619 1.8404 0.2000 3.4875 22.0000 1 3 2  
85 86 3 0.5299 -0.0377 1.3992 0.7799 -0.0625 1.8315 0.2000 3.4875 19.0000 4 3 3  
93 94 3 3.1509 -0.3743 3.9712 3.6075 -0.4469 4.1615 0.2000 3.4875 19.0000 4 3 3  
157 158 4 -0.4413 0.2339 1.4091 -0.6307 0.3949 1.8429 0.2000 3.4875 18.0000 4 3 4  
165 166 4 -2.1321 2.2516 3.8498 -2.4177 2.6261 4.0176 0.2000 3.4875 18.0000 4 3 4  
229 230 5 -0.3871 -0.1839 1.4362 -0.5635 -0.2483 1.8996 0.2000 3.4875 17.0000 4 3 5  
236 237 5 -2.0848 -0.6672 4.4382 -2.4094 -0.7424 4.8111 0.2000 3.4875 17.0000 4 3 5  
12 13 2 2.6677 1.8752 4.1502 3.0364 2.1418 4.3576 0.2000 3.4875 22.0000 1 3 2  
22 35 11 0.5169 0.2564 9.0604 0.1048 0.1671 9.9671 0.0160 4.2414 19.8863 1 4 11  
43 56 14 6.6013 2.6110 10.6731 7.1269 2.2994 11.4647 0.0160 4.2414 19.8863 1 4 14  
64 77 17 9.4213 10.0016 7.9254 9.8569 10.7185 8.4698 0.0160 4.2414 19.8863 1 4 17  
103 114 23 0.4565 0.1628 8.7099 0.2644 0.4137 9.6587 0.0160 4.2414 16.8863 1 4 23  
120 127 25 4.8908 0.0036 7.5184 5.2185 -0.5358 8.2941 0.0160 4.2414 16.8863 1 4 25  
137 140 27 7.2264 -1.1256 4.7229 8.2249 -1.1002 4.7715 0.0160 4.2414 16.8863 1 4 27  
245 256 47 -0.9666 -0.8125 8.3652 -1.2536 -1.0503 9.2931 0.0160 4.2414 14.8863 1 4 47  
262 269 49 -4.1011 -0.4158 7.5865 -4.7389 -0.6630 8.3160 0.0160 4.2414 14.8863 1 4 49  
20 23 9 0.3621 0.2280 1.9420 0.1880 0.6389 2.8369 0.0160 4.2414 19.8863 1 4 9  
21 29 10 0.5111 0.2819 5.4995 0.1497 0.1923 6.4275 0.0160 4.2414 19.8863 1 4 10  
41 44 12 2.9302 1.8099 4.6699 3.5796 1.9106 5.4236 0.0160 4.2414 19.8863 1 4 12  
42 50 13 5.0333 2.3959 7.4832 5.6142 2.8677 8.1464 0.0160 4.2414 19.8863 1 4 13  
62 65 15 5.9142 4.6431 4.9760 6.4135 5.5088 5.0113 0.0160 4.2414 19.8863 1 4 15  
63 71 16 8.0511 7.2453 6.1348 8.6442 8.0203 6.3530 0.0160 4.2414 19.8863 1 4 16  
101 104 21 0.4044 0.0308 1.9426 0.8235 0.0212 2.8505 0.0160 4.2414 16.8863 1 4 21  
102 109 22 0.5694 0.1239 5.3246 0.5438 0.3909 6.2880 0.0160 4.2414 16.8863 1 4 22  
119 122 24 3.3221 -0.1563 4.5205 4.1322 0.0766 5.0585 0.0160 4.2414 16.8863 1 4 24  
121 132 26 5.9457 0.9667 10.5899 6.3353 1.3218 11.4396 0.0160 4.2414 16.8863 1 4 26  
138 145 28 10.3698 -0.8952 5.9640 11.3121 -0.9282 6.2972 0.0160 4.2414 16.8863 1 4 28  
139 150 29 13.2364 -1.0143 7.7648 14.0650 -1.0434 8.3239 0.0160 4.2414 16.8863 1 4 29  
173 176 33 -0.4121 0.2673 1.9324 -0.8594 0.4024 2.8165 0.0160 4.2414 15.8863 1 4 33  
174 181 34 -0.8860 0.8078 5.1689 -1.2568 1.1998 6.0108 0.0160 4.2414 15.8863 1 4 34  
175 186 35 -1.4931 1.2747 8.3946 -2.0514 1.6952 9.1098 0.0160 4.2414 15.8863 1 4 35  
191 194 36 -2.3733 2.4745 4.2697 -2.7781 3.3032 4.6561 0.0160 4.2414 15.8863 1 4 36  
192 199 37 -4.2021 4.3681 6.2849 -4.8714 5.0475 6.5856 0.0160 4.2414 15.8863 1 4 37  
193 204 38 -6.0254 6.2881 8.2801 -6.4576 7.0854 8.7014 0.0160 4.2414 15.8863 1 4 38  
209 212 39 -4.6105 5.5156 4.1310 -5.3115 6.1981 3.9240 0.0160 4.2414 15.8863 1 4 39  
210 217 40 -6.5030 8.2344 4.2658 -6.9986 9.0995 4.1877 0.0160 4.2414 15.8863 1 4 40  
211 222 41 -8.9715 10.3688 4.8512 -9.7219 11.0146 4.9919 0.0160 4.2414 15.8863 1 4 41  
243 246 45 -0.2999 -0.2118 1.9580 -0.5893 -0.1413 2.9126 0.0160 4.2414 14.8863 1 4 45  
244 251 46 -0.6286 -0.5278 5.1606 -1.0883 -0.6057 6.0452 0.0160 4.2414 14.8863 1 4 46  
261 264 48 -2.3259 -0.5590 4.8860 -3.0528 -0.4517 5.5644 0.0160 4.2414 14.8863 1 4 48  
263 274 50 -5.9729 -0.2953 10.2221 -6.7567 -0.4528 10.8229 0.0160 4.2414 14.8863 1 4 50  
279 282 51 -5.1401 -1.1048 6.9235 -6.0875 -0.8924 7.1629 0.0160 4.2414 14.8863 1 4 51  
280 287 52 -7.9588 -1.0089 8.5078 -8.8717 -0.8582 8.8873 0.0160 4.2414 14.8863 1 4 52  
281 292 53 -10.7811 -0.8818 10.0836 -11.6714 -0.5441 10.3891 0.0160 4.2414 14.8863 1 4 53  
5 6 2 0.6067 0.4619 1.8404 0.8358 0.6196 2.2560 0.2000 5.4875 22.0000 1 3 2  
13 14 2 3.0364 2.1418 4.3576 3.4129 2.4226 4.5289 0.2000 5.4875 22.0000 1 3 2  
86 87 3 0.7799 -0.0625 1.8315 1.0639 -0.0934 2.2419 0.2000 5.4875 19.0000 4 3 3  
94 95 3 3.6075 -0.4469 4.1615 4.0774 -0.5254 4.3134 0.2000 5.4875 19.0000 4 3 3  
158 159 4 -0.6307 0.3949 1.8429 -0.8373 0.5956 2.2516 0.2000 5.4875 18.0000 4 3 4  
166 167 4 -2.4177 2.6261 4.0176 -2.7171 3.0045 4.1484 0.2000 5.4875 18.0000 4 3 4  
230 231 5 -0.5635 -0.2483 1.8996 -0.7629 -0.3143 2.3533 0.2000 5.4875 17.0000 4 3 5  
237 238 5 -2.4094 -0.7424 4.8111 -2.7521 -0.8192 5.1669 0.2000 5.4875 17.0000 4 3 5  
0 1 1 0.0000 0.0000 0.0000 0.0208 -0.7882 -0.6151 0.0500 6.0000 22.0000 1 2 1  
35 36 11 0.1048 0.1671 9.9671 -0.6991 0.2019 10.5609 0.0160 6.6741 19.8863 1 4 11  
50 51 13 5.6142 2.8677 8.1464 6.4408 3.2461 8.5632 0.0160 6.6741 19.8863 1 4 13  
56 57 14 7.1269 2.2994 11.4647 7.8569 2.1654 12.1349 0.0160 6.6741 19.8863 1 4 14  
65 66 15 6.4135 5.5088 5.0113 6.7615 6.4314 4.8449 0.0160 6.6741 19.8863 1 4 15  
71 72 16 8.6442 8.0203 6.3530 9.1348 8.8866 6.4471 0.0160 6.6741 19.8863 1 4 16  
77 78 17 9.8569 10.7185 8.4698 10.5991 11.2968 8.8085 0.0160 6.6741 19.8863 1 4 17  
114 115 23 0.2644 0.4137 9.6587 -0.3514 0.5270 10.4384 0.0160 6.6741 16.8863 1 4 23  
122 123 24 4.1322 0.0766 5.0585 4.8681 0.6450 5.4264 0.0160 6.6741 16.8863 1 4 24  
132 133 26 6.3353 1.3218 11.4396 7.0144 1.6458 12.0984 0.0160 6.6741 16.8863 1 4 26  
140 141 27 8.2249 -1.1002 4.7715 9.1928 -0.9211 4.5948 0.0160 6.6741 16.8863 1 4 27  
145 146 28 11.3121 -0.9282 6.2972 12.2313 -0.5361 6.2590 0.0160 6.6741 16.8863 1 4 28  
186 187 35 -2.0514 1.6952 9.1098 -2.7225 2.2697 9.5784 0.0160 6.6741 15.8863 1 4 35  
194 195 36 -2.7781 3.3032 4.6561 -3.5197 3.9666 4.7557 0.0160 6.6741 15.8863 1 4 36  
212 213 39 -5.3115 6.1981 3.9240 -5.8482 6.9229 3.4920 0.0160 6.6741 15.8863 1 4 39  
256 257 47 -1.2536 -1.0503 9.2931 -1.6997 -1.5611 10.0280 0.0160 6.6741 14.8863 1 4 47  
264 265 48 -3.0528 -0.4517 5.5644 -3.9012 -0.2993 6.0712 0.0160 6.6741 14.8863 1 4 48  
269 270 49 -4.7389 -0.6630 8.3160 -5.3963 -1.0704 8.9499 0.0160 6.6741 14.8863 1 4 49  
274 275 50 -6.7567 -0.4528 10.8229 -7.7207 -0.5643 11.0642 0.0160 6.6741 14.8863 1 4 50  
23 24 9 0.1880 0.6389 2.8369 -0.2708 1.3121 3.4168 0.0160 6.6741 19.8863 1 4 9  
29 30 10 0.1497 0.1923 6.4275 -0.2403 0.5675 7.2685 0.0160 6.6741 19.8863 1 4 10  
44 45 12 3.5796 1.9106 5.4236 4.3751 1.9124 6.0296 0.0160 6.6741 19.8863 1 4 12  
104 105 21 0.8235 0.0212 2.8505 1.4415 0.1310 3.6289 0.0160 6.6741 16.8863 1 4 21  
109 110 22 0.5438 0.3909 6.2880 0.4641 0.9837 7.0894 0.0160 6.6741 16.8863 1 4 22  
127 128 25 5.2185 -0.5358 8.2941 5.6721 -1.2528 8.8235 0.0160 6.6741 16.8863 1 4 25  
150 151 29 14.0650 -1.0434 8.3239 14.8297 -0.5457 8.7330 0.0160 6.6741 16.8863 1 4 29  
176 177 33 -0.8594 0.4024 2.8165 -1.6108 0.3598 3.4751 0.0160 6.6741 15.8863 1 4 33  
181 182 34 -1.2568 1.1998 6.0108 -1.8725 1.5610 6.7111 0.0160 6.6741 15.8863 1 4 34  
199 200 37 -4.8714 5.0475 6.5856 -5.6402 5.6631 6.7588 0.0160 6.6741 15.8863 1 4 37  
204 205 38 -6.4576 7.0854 8.7014 -6.6578 8.0536 8.8515 0.0160 6.6741 15.8863 1 4 38  
217 218 40 -6.9986 9.0995 4.1877 -7.4188 9.9834 3.9826 0.0160 6.6741 15.8863 1 4 40  
222 223 41 -9.7219 11.0146 4.9919 -10.5892 11.4808 4.8177 0.0160 6.6741 15.8863 1 4 41  
246 247 45 -0.5893 -0.1413 2.9126 -1.0681 -0.0388 3.7845 0.0160 6.6741 14.8863 1 4 45  
251 252 46 -1.0883 -0.6057 6.0452 -1.8439 -0.9123 6.6241 0.0160 6.6741 14.8863 1 4 46  
282 283 51 -6.0875 -0.8924 7.1629 -6.8837 -0.2893 7.1148 0.0160 6.6741 14.8863 1 4 51  
287 288 52 -8.8717 -0.8582 8.8873 -9.8639 -0.7460 8.9412 0.0160 6.6741 14.8863 1 4 52  
292 293 53 -11.6714 -0.5441 10.3891 -12.5493 -0.0657 10.3669 0.0160 6.6741 14.8863 1 4 53  
6 7 2 0.8358 0.6196 2.2560 1.0923 0.7936 2.6483 0.2000 7.4515 22.0000 1 3 2  
14 15 2 3.4129 2.4226 4.5289 3.7938 2.7173 4.6633 0.2000 7.4515 22.0000 1 3 2  
87 88 3 1.0639 -0.0934 2.2419 1.3800 -0.1303 2.6275 0.2000 7.4515 19.0000 4 3 3  
95 96 3 4.0774 -0.5254 4.3134 4.5572 -0.6096 4.4260 0.2000 7.4515 19.0000 4 3 3  
159 160 4 -0.8373 0.5956 2.2516 -1.0582 0.8345 2.6313 0.2000 7.4515 18.0000 4 3 4  
167 168 4 -2.7171 3.0045 4.1484 -3.0106 3.3984 4.2418 0.2000 7.4515 18.0000 4 3 4  
231 232 5 -0.7629 -0.3143 2.3533 -0.9848 -0.3818 2.7963 0.2000 7.4515 17.0000 4 3 5  
238 239 5 -2.7521 -0.8192 5.1669 -3.1122 -0.8974 5.5048 0.2000 7.4515 17.0000 4 3 5  
7 8 2 1.0923 0.7936 2.6483 1.3743 0.9839 3.0147 0.2000 9.4875 22.0000 1 3 2  
15 16 2 3.7938 2.7173 4.6633 4.1903 3.0061 4.7603 0.2000 9.4875 22.0000 1 3 2  
88 89 3 1.3800 -0.1303 2.6275 1.7260 -0.1732 2.9859 0.2000 9.4875 19.0000 4 3 3  
96 97 3 4.5572 -0.6096 4.4260 5.0436 -0.6997 4.4986 0.2000 9.4875 19.0000 4 3 3  
160 161 4 -1.0582 0.8345 2.6313 -1.2900 1.1098 2.9784 0.2000 9.4875 18.0000 4 3 4  
168 169 4 -3.0106 3.3984 4.2418 -3.2981 3.8039 4.2962 0.2000 9.4875 18.0000 4 3 4  
232 233 5 -0.9848 -0.3818 2.7963 -1.2286 -0.4508 3.2273 0.2000 9.4875 17.0000 4 3 5  
239 240 5 -3.1122 -0.8974 5.5048 -3.4888 -0.9772 5.8240 0.2000 9.4875 17.0000 4 3 5  
36 37 11 -0.6991 0.2019 10.5609 -1.6414 0.0836 10.8741 0.0160 9.5141 19.8863 1 4 11  
146 147 28 12.2313 -0.5361 6.2590 13.0964 -0.1194 5.9799 0.0160 9.5141 16.8863 1 4 28  
187 188 35 -2.7225 2.2697 9.5784 -3.4370 2.9084 9.8639 0.0160 9.5141 15.8863 1 4 35  
213 214 39 -5.8482 6.9229 3.4920 -6.1873 7.6011 2.8400 0.0160 9.5141 15.8863 1 4 39  
257 258 47 -1.6997 -1.5611 10.0280 -2.2252 -2.1780 10.6140 0.0160 9.5141 14.8863 1 4 47  
51 52 13 6.4408 3.2461 8.5632 7.3356 3.6724 8.6956 0.0160 9.5141 19.8863 1 4 13  
72 73 16 9.1348 8.8866 6.4471 9.7411 9.6654 6.2858 0.0160 9.5141 19.8863 1 4 16  
78 79 17 10.5991 11.2968 8.8085 11.2999 11.9987 8.9357 0.0160 9.5141 19.8863 1 4 17  
105 106 21 1.4415 0.1310 3.6289 2.2948 0.1497 4.1501 0.0160 9.5141 16.8863 1 4 21  
133 134 26 7.0144 1.6458 12.0984 7.8685 2.0287 12.4503 0.0160 9.5141 16.8863 1 4 26  
141 142 27 9.1928 -0.9211 4.5948 10.0853 -0.6386 4.2432 0.0160 9.5141 16.8863 1 4 27  
151 152 29 14.8297 -0.5457 8.7330 15.5200 0.1235 9.0080 0.0160 9.5141 16.8863 1 4 29  
182 183 34 -1.8725 1.5610 6.7111 -2.7214 1.8114 7.1767 0.0160 9.5141 15.8863 1 4 34  
195 196 36 -3.5197 3.9666 4.7557 -4.3370 4.4936 4.5226 0.0160 9.5141 15.8863 1 4 36  
200 201 37 -5.6402 5.6631 6.7588 -6.4224 6.2111 6.4624 0.0160 9.5141 15.8863 1 4 37  
218 219 40 -7.4188 9.9834 3.9826 -7.4575 10.8348 3.4595 0.0160 9.5141 15.8863 1 4 40  
247 248 45 -1.0681 -0.0388 3.7845 -1.5939 0.2614 4.5804 0.0160 9.5141 14.8863 1 4 45  
24 25 9 -0.2708 1.3121 3.4168 -0.5725 2.1632 3.8465 0.0160 9.5141 19.8863 1 4 9  
30 31 10 -0.2403 0.5675 7.2685 -0.9387 0.9331 7.8837 0.0160 9.5141 19.8863 1 4 10  
45 46 12 4.3751 1.9124 6.0296 5.3143 1.7150 6.3107 0.0160 9.5141 19.8863 1 4 12  
57 58 14 7.8569 2.1654 12.1349 8.7438 2.0313 12.5771 0.0160 9.5141 19.8863 1 4 14  
66 67 15 6.7615 6.4314 4.8449 6.8498 7.2596 4.2915 0.0160 9.5141 19.8863 1 4 15  
110 111 22 0.4641 0.9837 7.0894 0.0759 1.7114 7.6548 0.0160 9.5141 16.8863 1 4 22  
115 116 23 -0.3514 0.5270 10.4384 -1.2046 0.6206 10.9515 0.0160 9.5141 16.8863 1 4 23  
123 124 24 4.8681 0.6450 5.4264 5.5587 1.3537 5.5709 0.0160 9.5141 16.8863 1 4 24  
128 129 25 5.6721 -1.2528 8.8235 6.3120 -2.0099 8.9546 0.0160 9.5141 16.8863 1 4 25  
177 178 33 -1.6108 0.3598 3.4751 -2.4267 0.1446 4.0117 0.0160 9.5141 15.8863 1 4 33  
205 206 38 -6.6578 8.0536 8.8515 -6.9280 9.0115 8.7549 0.0160 9.5141 15.8863 1 4 38  
223 224 41 -10.5892 11.4808 4.8177 -11.3578 11.7034 4.2179 0.0160 9.5141 15.8863 1 4 41  
252 253 46 -1.8439 -0.9123 6.6241 -2.5975 -1.4473 7.0061 0.0160 9.5141 14.8863 1 4 46  
265 266 48 -3.9012 -0.2993 6.0712 -4.8455 -0.1598 6.3692 0.0160 9.5141 14.8863 1 4 48  
270 271 49 -5.3963 -1.0704 8.9499 -6.1397 -1.5550 9.4109 0.0160 9.5141 14.8863 1 4 49  
275 276 50 -7.7207 -0.5643 11.0642 -8.7172 -0.5756 10.9813 0.0160 9.5141 14.8863 1 4 50  
283 284 51 -6.8837 -0.2893 7.1148 -7.7123 0.1958 6.8353 0.0160 9.5141 14.8863 1 4 51  
288 289 52 -9.8639 -0.7460 8.9412 -10.8156 -0.7021 8.6375 0.0160 9.5141 14.8863 1 4 52  
293 294 53 -12.5493 -0.0657 10.3669 -13.4467 0.1803 10.0007 0.0160 9.5141 14.8863 1 4 53  
8 9 2 1.3743 0.9839 3.0147 1.6792 1.1900 3.3532 0.2000 12.4875 22.0000 1 3 2  
16 17 2 4.1903 3.0061 4.7603 4.5986 3.2888 4.8186 0.2000 12.4875 22.0000 1 3 2  
89 90 3 1.7260 -0.1732 2.9859 2.0996 -0.2221 3.3145 0.2000 12.4875 19.0000 4 3 3  
97 98 3 5.0436 -0.6997 4.4986 5.5333 -0.7954 4.5308 0.2000 12.4875 19.0000 4 3 3  
161 162 4 -1.2900 1.1098 2.9784 -1.5291 1.4194 3.2898 0.2000 12.4875 18.0000 4 3 4  
169 170 4 -3.2981 3.8039 4.2962 -3.5796 4.2168 4.3109 0.2000 12.4875 18.0000 4 3 4  
240 241 5 -3.4888 -0.9772 5.8240 -3.8807 -1.0586 6.1236 0.2000 12.4875 17.0000 4 3 5  
233 234 5 -1.2286 -0.4508 3.2273 -1.4937 -0.5214 3.6453 0.2000 12.4875 17.0000 4 3 5  
147 148 28 13.0964 -0.1194 5.9799 13.8535 0.3694 5.5465 0.0160 12.9255 16.8863 1 4 28  
31 32 10 -0.9387 0.9331 7.8837 -1.7807 1.3321 8.2469 0.0160 12.9255 19.8863 1 4 10  
37 38 11 -1.6414 0.0836 10.8741 -2.6323 0.1726 10.7730 0.0160 12.9255 19.8863 1 4 11  
67 68 15 6.8498 7.2596 4.2915 7.1331 7.6961 3.4376 0.0160 12.9255 19.8863 1 4 15  
73 74 16 9.7411 9.6654 6.2858 10.1306 10.4372 5.7833 0.0160 12.9255 19.8863 1 4 16  
106 107 21 2.2948 0.1497 4.1501 3.2570 0.3051 4.3739 0.0160 12.9255 16.8863 1 4 21  
111 112 22 0.0759 1.7114 7.6548 -0.2161 2.6395 7.8859 0.0160 12.9255 16.8863 1 4 22  
124 125 24 5.5587 1.3537 5.5709 6.0580 2.1932 5.3566 0.0160 12.9255 16.8863 1 4 24  
142 143 27 10.0853 -0.6386 4.2432 10.8766 -0.6662 3.6324 0.0160 12.9255 16.8863 1 4 27  
152 153 29 15.5200 0.1235 9.0080 16.3453 0.6856 9.0635 0.0160 12.9255 16.8863 1 4 29  
183 184 34 -2.7214 1.8114 7.1767 -3.6449 1.9703 7.5257 0.0160 12.9255 15.8863 1 4 34  
188 189 35 -3.4370 2.9084 9.8639 -4.3472 3.3181 9.9245 0.0160 12.9255 15.8863 1 4 35  
201 202 37 -6.4224 6.2111 6.4624 -7.1400 6.6771 5.9447 0.0160 12.9255 15.8863 1 4 37  
214 215 39 -6.1873 7.6011 2.8400 -6.4552 8.2355 2.1149 0.0160 12.9255 15.8863 1 4 39  
219 220 40 -7.4575 10.8348 3.4595 -7.4958 11.5582 2.7702 0.0160 12.9255 15.8863 1 4 40  
258 259 47 -2.2252 -2.1780 10.6140 -2.9647 -2.6832 11.0588 0.0160 12.9255 14.8863 1 4 47  
284 285 51 -7.7123 0.1958 6.8353 -8.4053 0.6320 6.2613 0.0160 12.9255 14.8863 1 4 51  
52 53 13 7.3356 3.6724 8.6956 8.3068 3.8451 8.5318 0.0160 12.9255 19.8863 1 4 13  
58 59 14 8.7438 2.0313 12.5771 9.6600 1.6491 12.6973 0.0160 12.9255 19.8863 1 4 14  
79 80 17 11.2999 11.9987 8.9357 12.0314 12.6750 8.8495 0.0160 12.9255 19.8863 1 4 17  
116 117 23 -1.2046 0.6206 10.9515 -2.1108 0.7050 11.3657 0.0160 12.9255 16.8863 1 4 23  
129 130 25 6.3120 -2.0099 8.9546 7.0907 -2.6115 8.7765 0.0160 12.9255 16.8863 1 4 25  
134 135 26 7.8685 2.0287 12.4503 8.7255 2.5393 12.3799 0.0160 12.9255 16.8863 1 4 26  
178 179 33 -2.4267 0.1446 4.0117 -3.3063 -0.2860 4.2139 0.0160 12.9255 15.8863 1 4 33  
196 197 36 -4.3370 4.4936 4.5226 -5.1357 4.8047 4.0075 0.0160 12.9255 15.8863 1 4 36  
206 207 38 -6.9280 9.0115 8.7549 -7.2981 9.8596 8.3756 0.0160 12.9255 15.8863 1 4 38  
224 225 41 -11.3578 11.7034 4.2179 -12.0251 11.9632 3.5199 0.0160 12.9255 15.8863 1 4 41  
248 249 45 -1.5939 0.2614 4.5804 -2.2946 0.5103 5.2490 0.0160 12.9255 14.8863 1 4 45  
253 254 46 -2.5975 -1.4473 7.0061 -3.3877 -2.0190 7.2267 0.0160 12.9255 14.8863 1 4 46  
266 267 48 -4.8455 -0.1598 6.3692 -5.7774 0.0007 6.0437 0.0160 12.9255 14.8863 1 4 48  
271 272 49 -6.1397 -1.5550 9.4109 -6.9433 -2.1236 9.5869 0.0160 12.9255 14.8863 1 4 49  
276 277 50 -8.7172 -0.5756 10.9813 -9.6384 -0.6670 10.6031 0.0160 12.9255 14.8863 1 4 50  
25 26 9 -0.5725 2.1632 3.8465 -0.7760 3.1315 3.9912 0.0160 12.9255 19.8863 1 4 9  
46 47 12 5.3143 1.7150 6.3107 6.2924 1.5093 6.2799 0.0160 12.9255 19.8863 1 4 12  
289 290 52 -10.8156 -0.7021 8.6375 -11.5202 -0.4077 7.9919 0.0160 12.9255 14.8863 1 4 52  
294 295 53 -13.4467 0.1803 10.0007 -14.3008 0.1751 9.4807 0.0160 12.9255 14.8863 1 4 53  
171 172 4 -3.8551 4.6333 4.2852 -3.9486 4.7777 4.2623 0.2000 15.6252 18.0000 4 3 4  
241 242 5 -3.8807 -1.0586 6.1236 -4.2871 -1.1414 6.4028 0.2000 15.6252 17.0000 4 3 5  
163 164 4 -1.7713 1.7611 3.5628 -1.8605 1.8846 3.6458 0.2000 16.0471 18.0000 4 3 4  
234 235 5 -1.4937 -0.5214 3.6453 -1.7793 -0.5936 4.0493 0.2000 16.0471 17.0000 4 3 5  
243 244 42 -0.2999 -0.2118 1.9580 -0.6286 -0.5278 5.1606 0.2000 16.4861 15.9464 3 3 42  
244 245 42 -0.6286 -0.5278 5.1606 -0.9666 -0.8125 8.3652 0.2000 16.4861 15.9464 3 3 42  
261 262 43 -2.3259 -0.5590 4.8860 -4.1011 -0.4158 7.5865 0.2000 16.4861 15.9464 3 3 43  
262 263 43 -4.1011 -0.4158 7.5865 -5.9729 -0.2953 10.2221 0.2000 16.4861 15.9464 3 3 43  
279 280 44 -5.1401 -1.1048 6.9235 -7.9588 -1.0089 8.5078 0.2000 16.4861 15.9464 3 3 44  
280 281 44 -7.9588 -1.0089 8.5078 -10.7811 -0.8818 10.0836 0.2000 16.4861 15.9464 3 3 44  
249 250 45 -2.2946 0.5103 5.2490 -3.1018 0.8373 5.6507 0.0160 17.0000 14.8863 1 4 45  
254 255 46 -3.3877 -2.0190 7.2267 -4.2616 -2.3994 7.1196 0.0160 17.0000 14.8863 1 4 46  
259 260 47 -2.9647 -2.6832 11.0588 -3.7777 -3.1567 11.2449 0.0160 17.0000 14.8863 1 4 47  
267 268 48 -5.7774 0.0007 6.0437 -6.5124 0.2465 5.4788 0.0160 17.0000 14.8863 1 4 48  
272 273 49 -6.9433 -2.1236 9.5869 -7.7438 -2.6505 9.6235 0.0160 17.0000 14.8863 1 4 49  
277 278 50 -9.6384 -0.6670 10.6031 -10.3677 -0.9619 10.0545 0.0160 17.0000 14.8863 1 4 50  
285 286 51 -8.4053 0.6320 6.2613 -8.7142 1.0568 5.4589 0.0160 17.0000 14.8863 1 4 51  
290 291 52 -11.5202 -0.4077 7.9919 -11.9803 -0.0144 7.2480 0.0160 17.0000 14.8863 1 4 52  
295 296 53 -14.3008 0.1751 9.4807 -15.0046 0.2069 8.8300 0.0160 17.0000 14.8863 1 4 53  
9 10 2 1.6792 1.1900 3.3532 2.0045 1.4118 3.6614 0.2000 17.0019 22.0000 1 3 2  
17 18 2 4.5986 3.2888 4.8186 5.0146 3.5655 4.8370 0.2000 17.0019 22.0000 1 3 2  
90 91 3 2.0996 -0.2221 3.3145 2.4983 -0.2770 3.6113 0.2000 17.0019 19.0000 4 3 3  
98 99 3 5.5333 -0.7954 4.5308 6.0228 -0.8970 4.5224 0.2000 17.0019 19.0000 4 3 3  
162 163 4 -1.5291 1.4194 3.2898 -1.7713 1.7611 3.5628 0.2000 17.0019 18.0000 4 3 4  
170 171 4 -3.5796 4.2168 4.3109 -3.8551 4.6333 4.2852 0.2000 17.0019 18.0000 4 3 4  
148 149 28 13.8535 0.3694 5.5465 14.4514 0.7281 4.8296 0.0160 17.1978 16.8863 1 4 28  
130 131 25 7.0907 -2.6115 8.7765 7.8654 -2.8918 8.2097 0.0160 17.1978 16.8863 1 4 25  
153 154 29 16.3453 0.6856 9.0635 17.1293 1.2892 8.9187 0.0160 17.1978 16.8863 1 4 29  
189 190 35 -4.3472 3.3181 9.9245 -5.1739 3.8617 9.7796 0.0160 17.1978 15.8863 1 4 35  
32 33 10 -1.7807 1.3321 8.2469 -2.7624 1.5043 8.1661 0.0160 17.1978 19.8863 1 4 10  
38 39 11 -2.6323 0.1726 10.7730 -3.5413 0.4321 10.4471 0.0160 17.1978 19.8863 1 4 11  
68 69 15 7.1331 7.6961 3.4376 7.0127 7.8883 2.4636 0.0160 17.1978 19.8863 1 4 15  
80 81 17 12.0314 12.6750 8.8495 12.7315 13.2684 8.4522 0.0160 17.1978 19.8863 1 4 17  
107 108 21 3.2570 0.3051 4.3739 4.2334 0.5161 4.3281 0.0160 17.1978 16.8863 1 4 21  
112 113 22 -0.2161 2.6395 7.8859 -0.2723 3.6340 7.7974 0.0160 17.1978 16.8863 1 4 22  
184 185 34 -3.6449 1.9703 7.5257 -4.6150 2.0671 7.7484 0.0160 17.1978 15.8863 1 4 34  
207 208 38 -7.2981 9.8596 8.3756 -7.3101 10.5702 7.6722 0.0160 17.1978 15.8863 1 4 38  
220 221 40 -7.4958 11.5582 2.7702 -7.5130 12.0065 1.8764 0.0160 17.1978 15.8863 1 4 40  
53 54 13 8.3068 3.8451 8.5318 9.1403 4.1310 8.0589 0.0160 17.1978 19.8863 1 4 13  
117 118 23 -2.1108 0.7050 11.3657 -3.0922 0.8747 11.4562 0.0160 17.1978 16.8863 1 4 23  
125 126 24 6.0580 2.1932 5.3566 6.4088 2.9791 4.8473 0.0160 17.1978 16.8863 1 4 24  
135 136 26 8.7255 2.5393 12.3799 9.4049 3.1855 12.0326 0.0160 17.1978 16.8863 1 4 26  
143 144 27 10.8766 -0.6662 3.6324 11.3878 -0.8560 2.7942 0.0160 17.1978 16.8863 1 4 27  
179 180 33 -3.3063 -0.2860 4.2139 -4.1197 -0.6751 3.7816 0.0160 17.1978 15.8863 1 4 33  
197 198 36 -5.1357 4.8047 4.0075 -5.6822 5.0103 3.1957 0.0160 17.1978 15.8863 1 4 36  
202 203 37 -7.1400 6.6771 5.9447 -7.9234 6.7906 5.3337 0.0160 17.1978 15.8863 1 4 37  
215 216 39 -6.4552 8.2355 2.1149 -6.7350 8.8078 1.3441 0.0160 17.1978 15.8863 1 4 39  
225 226 41 -12.0251 11.9632 3.5199 -12.5068 12.2316 2.6856 0.0160 17.1978 15.8863 1 4 41  
59 60 14 9.6600 1.6491 12.6973 10.5369 1.1825 12.5822 0.0160 17.1978 19.8863 1 4 14  
74 75 16 10.1306 10.4372 5.7833 10.4614 11.1205 5.1323 0.0160 17.1978 19.8863 1 4 16  
26 27 9 -0.7760 3.1315 3.9912 -0.8667 4.1084 3.7980 0.0160 17.1978 19.8863 1 4 9  
47 48 12 6.2924 1.5093 6.2799 7.2670 1.3498 6.1229 0.0160 17.1978 19.8863 1 4 12  
173 174 30 -0.4121 0.2673 1.9324 -0.8860 0.8078 5.1689 0.2000 17.4861 16.9464 3 3 30  
174 175 30 -0.8860 0.8078 5.1689 -1.4931 1.2747 8.3946 0.2000 17.4861 16.9464 3 3 30  
191 192 31 -2.3733 2.4745 4.2697 -4.2021 4.3681 6.2849 0.2000 17.4861 16.9464 3 3 31  
192 193 31 -4.2021 4.3681 6.2849 -6.0254 6.2881 8.2801 0.2000 17.4861 16.9464 3 3 31  
209 210 32 -4.6105 5.5156 4.1310 -6.5030 8.2344 4.2658 0.2000 17.4861 16.9464 3 3 32  
210 211 32 -6.5030 8.2344 4.2658 -8.9715 10.3688 4.8512 0.2000 17.4861 16.9464 3 3 32  
101 102 18 0.4044 0.0308 1.9426 0.5694 0.1239 5.3246 0.2000 18.4861 17.9464 3 3 18  
102 103 18 0.5694 0.1239 5.3246 0.4565 0.1628 8.7099 0.2000 18.4861 17.9464 3 3 18  
119 120 19 3.3221 -0.1563 4.5205 4.8908 0.0036 7.5184 0.2000 18.4861 17.9464 3 3 19  
120 121 19 4.8908 0.0036 7.5184 5.9457 0.9667 10.5899 0.2000 18.4861 17.9464 3 3 19  
137 138 20 7.2264 -1.1256 4.7229 10.3698 -0.8952 5.9640 0.2000 18.4861 17.9464 3 3 20  
138 139 20 10.3698 -0.8952 5.9640 13.2364 -1.0143 7.7648 0.2000 18.4861 17.9464 3 3 20  
91 92 3 2.4983 -0.2770 3.6113 2.7105 -0.3076 3.7439 0.2000 18.4875 19.0000 4 3 3  
99 100 3 6.0228 -0.8970 4.5224 6.2679 -0.9510 4.4978 0.2000 18.4875 19.0000 4 3 3  
20 21 6 0.3621 0.2280 1.9420 0.5111 0.2819 5.4995 0.2000 21.4861 20.9464 3 3 6  
21 22 6 0.5111 0.2819 5.4995 0.5169 0.2564 9.0604 0.2000 21.4861 20.9464 3 3 6  
41 42 7 2.9302 1.8099 4.6699 5.0333 2.3959 7.4832 0.2000 21.4861 20.9464 3 3 7  
42 43 7 5.0333 2.3959 7.4832 6.6013 2.6110 10.6731 0.2000 21.4861 20.9464 3 3 7  
62 63 8 5.9142 4.6431 4.9760 8.0511 7.2453 6.1348 0.2000 21.4861 20.9464 3 3 8  
63 64 8 8.0511 7.2453 6.1348 9.4213 10.0016 7.9254 0.2000 21.4861 20.9464 3 3 8  
10 11 2 2.0045 1.4118 3.6614 2.3103 1.6232 3.9077 0.2000 21.4875 22.0000 1 3 2  
18 19 2 5.0146 3.5655 4.8370 5.3891 3.8070 4.8176 0.2000 21.4875 22.0000 1 3 2  
27 28 9 -0.8667 4.1084 3.7980 -0.7842 4.7825 3.2682 0.0160 22.0000 19.8863 1 4 9  
33 34 10 -2.7624 1.5043 8.1661 -3.4770 1.5805 7.6913 0.0160 22.0000 19.8863 1 4 10  
39 40 11 -3.5413 0.4321 10.4471 -4.2892 0.6339 10.0705 0.0160 22.0000 19.8863 1 4 11  
48 49 12 7.2670 1.3498 6.1229 8.0858 1.1854 5.9121 0.0160 22.0000 19.8863 1 4 12  
54 55 13 9.1403 4.1310 8.0589 9.7881 4.3350 7.5292 0.0160 22.0000 19.8863 1 4 13  
60 61 14 10.5369 1.1825 12.5822 11.2973 0.8812 12.3121 0.0160 22.0000 19.8863 1 4 14  
69 70 15 7.0127 7.8883 2.4636 6.9285 7.8289 1.6085 0.0160 22.0000 19.8863 1 4 15  
75 76 16 10.4614 11.1205 5.1323 10.6278 11.6028 4.4384 0.0160 22.0000 19.8863 1 4 16  
81 82 17 12.7315 13.2684 8.4522 13.3030 13.5220 7.8598 0.0160 22.0000 19.8863 1 4 17  
