node1ID node2ID branchID x1 y1 z1 x2 y2 z2 radius time age type organ parent_node_id 
0 2 2 0.0000 0.0000 0.0000 0.1025 0.0898 0.4811 0.2000 0.5129 26.0000 1 3 2  
0 84 3 0.0000 0.0000 0.0000 0.1387 -0.0065 0.4803 0.2000 0.5129 23.0000 4 3 3  
0 165 4 0.0000 0.0000 0.0000 -0.1240 0.0357 0.4831 0.2000 0.5129 22.0000 4 3 4  
0 246 5 0.0000 0.0000 0.0000 -0.1050 -0.0597 0.4852 0.2000 0.5129 21.0000 4 3 5  
2 3 2 0.1025 0.0898 0.4811 0.2386 0.1968 0.9501 0.2000 1.0536 26.0000 1 3 2  
84 85 3 0.1387 -0.0065 0.4803 0.3157 -0.0190 0.9478 0.2000 1.0536 23.0000 4 3 3  
165 166 4 -0.1240 0.0357 0.4831 -0.2717 0.1138 0.9543 0.2000 1.0536 22.0000 4 3 4  
246 247 5 -0.1050 -0.0597 0.4852 -0.2341 -0.1210 0.9643 0.2000 1.0536 21.0000 4 3 5  
3 21 6 0.2386 0.1968 0.9501 0.3621 0.2280 1.9420 0.2000 2.1137 24.9464 3 3 6  
11 42 7 2.3465 1.6482 3.9368 2.9663 1.8349 4.6990 0.2000 2.1137 24.9464 3 3 7  
19 63 8 5.4695 3.8605 4.8444 5.9946 4.6967 5.0028 0.2000 2.1137 24.9464 3 3 8  
85 102 18 0.3157 -0.0190 0.9478 0.4044 0.0308 1.9426 0.2000 2.1137 21.9464 3 3 18  
93 123 19 2.9181 -0.3376 3.8735 3.5297 -0.1863 4.6501 0.2000 2.1137 21.9464 3 3 19  
101 144 20 6.7150 -1.0339 4.6034 7.6736 -1.2084 4.8285 0.2000 2.1137 21.9464 3 3 20  
166 183 30 -0.2717 0.1138 0.9543 -0.4121 0.2673 1.9324 0.2000 2.1137 20.9464 3 3 30  
174 204 31 -2.0006 2.0786 3.7762 -2.5133 2.6684 4.4001 0.2000 2.1137 20.9464 3 3 31  
182 225 32 -4.2355 5.1983 4.3566 -4.8975 5.9363 4.2253 0.2000 2.1137 20.9464 3 3 32  
247 264 42 -0.2341 -0.1210 0.9643 -0.2999 -0.2118 1.9580 0.2000 2.1137 19.9464 3 3 42  
255 285 43 -2.0162 -0.6507 4.3509 -2.6043 -0.6192 5.1591 0.2000 2.1137 19.9464 3 3 43  
263 306 44 -4.9733 -1.2758 6.7571 -5.8747 -1.2453 7.1891 0.2000 2.1137 19.9464 3 3 44  
3 4 2 0.2386 0.1968 0.9501 0.4071 0.3209 1.4042 0.2000 2.4875 26.0000 1 3 2  
11 12 2 2.3465 1.6482 3.9368 2.7039 1.9002 4.1793 0.2000 2.4875 26.0000 1 3 2  
85 86 3 0.3157 -0.0190 0.9478 0.5299 -0.0377 1.3992 0.2000 2.4875 23.0000 4 3 3  
93 94 3 2.9181 -0.3376 3.8735 3.3584 -0.4043 4.1009 0.2000 2.4875 23.0000 4 3 3  
166 167 4 -0.2717 0.1138 0.9543 -0.4413 0.2339 1.4091 0.2000 2.4875 22.0000 4 3 4  
174 175 4 -2.0006 2.0786 3.7762 -2.2722 2.4455 3.9802 0.2000 2.4875 22.0000 4 3 4  
247 248 5 -0.2341 -0.1210 0.9643 -0.3871 -0.1839 1.4362 0.2000 2.4875 21.0000 4 3 5  
255 256 5 -2.0162 -0.6507 4.3509 -2.3407 -0.7259 4.7237 0.2000 2.4875 21.0000 4 3 5  
4 5 2 0.4071 0.3209 1.4042 0.6067 0.4619 1.8404 0.2000 3.4875 26.0000 1 3 2  
86 87 3 0.5299 -0.0377 1.3992 0.7799 -0.0625 1.8315 0.2000 3.4875 23.0000 4 3 3  
94 95 3 3.3584 -0.4043 4.1009 3.8151 -0.4769 4.2911 0.2000 3.4875 23.0000 4 3 3  
167 168 4 -0.4413 0.2339 1.4091 -0.6307 0.3949 1.8429 0.2000 3.4875 22.0000 4 3 4  
175 176 4 -2.2722 2.4455 3.9802 -2.5578 2.8200 4.1480 0.2000 3.4875 22.0000 4 3 4  
248 249 5 -0.3871 -0.1839 1.4362 -0.5635 -0.2483 1.8996 0.2000 3.4875 21.0000 4 3 5  
256 257 5 -2.3407 -0.7259 4.7237 -2.6835 -0.8026 5.0796 0.2000 3.4875 21.0000 4 3 5  
12 13 2 2.7039 1.9002 4.1793 3.0725 2.1668 4.3867 0.2000 3.4875 26.0000 1 3 2  
23 36 11 0.5238 0.2577 9.3753 0.1116 0.1684 10.2820 0.0160 4.2414 23.8863 1 4 11  
44 57 14 6.7998 2.6714 10.9678 7.3255 2.3599 11.7594 0.0160 4.2414 23.8863 1 4 14  
65 78 17 9.6568 10.2922 8.0827 10.0925 11.0090 8.6271 0.0160 4.2414 23.8863 1 4 17  
104 117 23 0.4599 0.1714 9.1491 0.2678 0.4223 10.0978 0.0160 4.2414 20.8863 1 4 23  
124 132 25 5.2002 -0.0160 7.8426 5.5279 -0.5554 8.6183 0.0160 4.2414 20.8863 1 4 25  
144 147 27 7.6736 -1.2084 4.8285 8.6721 -1.1830 4.8771 0.0160 4.2414 20.8863 1 4 27  
266 279 47 -1.0232 -0.8635 8.9089 -1.3102 -1.1013 9.8369 0.0160 4.2414 18.8863 1 4 47  
286 294 49 -4.6756 -0.4748 7.9884 -5.3134 -0.7220 8.7178 0.0160 4.2414 18.8863 1 4 49  
21 24 9 0.3621 0.2280 1.9420 0.1880 0.6389 2.8369 0.0160 4.2414 23.8863 1 4 9  
22 30 10 0.5177 0.2843 5.6568 0.1562 0.1946 6.5849 0.0160 4.2414 23.8863 1 4 10  
42 45 12 2.9663 1.8349 4.6990 3.6158 1.9356 5.4527 0.0160 4.2414 23.8863 1 4 12  
43 51 13 5.1625 2.4468 7.6367 5.7434 2.9186 8.3000 0.0160 4.2414 23.8863 1 4 13  
63 66 15 5.9946 4.6967 5.0028 6.4939 5.5624 5.0382 0.0160 4.2414 23.8863 1 4 15  
64 72 16 8.2261 7.4140 6.2128 8.8192 8.1890 6.4311 0.0160 4.2414 23.8863 1 4 16  
102 105 21 0.4044 0.0308 1.9426 0.8235 0.0212 2.8505 0.0160 4.2414 20.8863 1 4 21  
103 111 22 0.5801 0.1299 5.5441 0.5545 0.3970 6.5075 0.0160 4.2414 20.8863 1 4 22  
123 126 24 3.5297 -0.1863 4.6501 4.3398 0.0466 5.1882 0.0160 4.2414 20.8863 1 4 24  
125 138 26 6.3235 1.0096 11.1134 6.7131 1.3647 11.9632 0.0160 4.2414 20.8863 1 4 26  
145 153 28 11.0210 -0.9631 6.1502 11.9633 -0.9961 6.4833 0.0160 4.2414 20.8863 1 4 28  
146 159 29 14.0736 -1.0900 8.0678 14.9022 -1.1191 8.6269 0.0160 4.2414 20.8863 1 4 29  
183 186 33 -0.4121 0.2673 1.9324 -0.8594 0.4024 2.8165 0.0160 4.2414 19.8863 1 4 33  
184 192 34 -0.9211 0.8478 5.4088 -1.2919 1.2399 6.2507 0.0160 4.2414 19.8863 1 4 34  
185 198 35 -1.5732 1.3494 8.8735 -2.1315 1.7699 9.5886 0.0160 4.2414 19.8863 1 4 35  
204 207 36 -2.5133 2.6684 4.4001 -2.9182 3.4972 4.7865 0.0160 4.2414 19.8863 1 4 36  
205 213 37 -4.4777 4.7024 6.5646 -5.1470 5.3818 6.8653 0.0160 4.2414 19.8863 1 4 37  
206 219 38 -6.4361 6.7646 8.7077 -6.8684 7.5619 9.1289 0.0160 4.2414 19.8863 1 4 38  
225 228 39 -4.8975 5.9363 4.2253 -5.5984 6.6188 4.0183 0.0160 4.2414 19.8863 1 4 39  
226 234 40 -6.9302 8.8565 4.3700 -7.4257 9.7216 4.2920 0.0160 4.2414 19.8863 1 4 40  
227 240 41 -9.5815 11.1491 4.9989 -10.3319 11.7949 5.1396 0.0160 4.2414 19.8863 1 4 41  
264 267 45 -0.2999 -0.2118 1.9580 -0.5893 -0.1413 2.9126 0.0160 4.2414 18.8863 1 4 45  
265 273 46 -0.6565 -0.5546 5.4324 -1.1162 -0.6325 6.3170 0.0160 4.2414 18.8863 1 4 46  
285 288 48 -2.6043 -0.6192 5.1591 -3.3312 -0.5119 5.8374 0.0160 4.2414 18.8863 1 4 48  
287 300 50 -6.8479 -0.3549 10.7420 -7.6317 -0.5123 11.3428 0.0160 4.2414 18.8863 1 4 50  
306 309 51 -5.8747 -1.2453 7.1891 -6.8221 -1.0330 7.4285 0.0160 4.2414 18.8863 1 4 51  
307 315 52 -9.0911 -1.1629 8.5905 -10.0040 -1.0122 8.9700 0.0160 4.2414 18.8863 1 4 52  
308 321 53 -12.3106 -1.0465 9.9824 -13.2009 -0.7088 10.2879 0.0160 4.2414 18.8863 1 4 53  
5 6 2 0.6067 0.4619 1.8404 0.8358 0.6196 2.2560 0.2000 5.4875 26.0000 1 3 2  
13 14 2 3.0725 2.1668 4.3867 3.4491 2.4476 4.5580 0.2000 5.4875 26.0000 1 3 2  
87 88 3 0.7799 -0.0625 1.8315 1.0639 -0.0934 2.2419 0.2000 5.4875 23.0000 4 3 3  
95 96 3 3.8151 -0.4769 4.2911 4.2849 -0.5553 4.4430 0.2000 5.4875 23.0000 4 3 3  
168 169 4 -0.6307 0.3949 1.8429 -0.8373 0.5956 2.2516 0.2000 5.4875 22.0000 4 3 4  
176 177 4 -2.5578 2.8200 4.1480 -2.8572 3.1985 4.2788 0.2000 5.4875 22.0000 4 3 4  
249 250 5 -0.5635 -0.2483 1.8996 -0.7629 -0.3143 2.3533 0.2000 5.4875 21.0000 4 3 5  
257 258 5 -2.6835 -0.8026 5.0796 -3.0436 -0.8809 5.4175 0.2000 5.4875 21.0000 4 3 5  
0 1 1 0.0000 0.0000 0.0000 0.0208 -0.7882 -0.6151 0.0500 6.0000 26.0000 1 2 1  
36 37 11 0.1116 0.1684 10.2820 -0.6923 0.2032 10.8758 0.0160 6.6741 23.8863 1 4 11  
51 52 13 5.7434 2.9186 8.3000 6.5699 3.2970 8.7167 0.0160 6.6741 23.8863 1 4 13  
57 58 14 7.3255 2.3599 11.7594 8.0555 2.2258 12.4296 0.0160 6.6741 23.8863 1 4 14  
66 67 15 6.4939 5.5624 5.0382 6.8419 6.4850 4.8718 0.0160 6.6741 23.8863 1 4 15  
72 73 16 8.8192 8.1890 6.4311 9.3098 9.0552 6.5252 0.0160 6.6741 23.8863 1 4 16  
78 79 17 10.0925 11.0090 8.6271 10.8347 11.5874 8.9658 0.0160 6.6741 23.8863 1 4 17  
117 118 23 0.2678 0.4223 10.0978 -0.3480 0.5356 10.8776 0.0160 6.6741 20.8863 1 4 23  
126 127 24 4.3398 0.0466 5.1882 5.0757 0.6150 5.5560 0.0160 6.6741 20.8863 1 4 24  
138 139 26 6.7131 1.3647 11.9632 7.3922 1.6887 12.6219 0.0160 6.6741 20.8863 1 4 26  
147 148 27 8.6721 -1.1830 4.8771 9.6399 -1.0039 4.7004 0.0160 6.6741 20.8863 1 4 27  
153 154 28 11.9633 -0.9961 6.4833 12.8824 -0.6040 6.4452 0.0160 6.6741 20.8863 1 4 28  
198 199 35 -2.1315 1.7699 9.5886 -2.8026 2.3443 10.0573 0.0160 6.6741 19.8863 1 4 35  
207 208 36 -2.9182 3.4972 4.7865 -3.6597 4.1606 4.8861 0.0160 6.6741 19.8863 1 4 36  
228 229 39 -5.5984 6.6188 4.0183 -6.1351 7.3436 3.5862 0.0160 6.6741 19.8863 1 4 39  
279 280 47 -1.3102 -1.1013 9.8369 -1.7563 -1.6121 10.5718 0.0160 6.6741 18.8863 1 4 47  
288 289 48 -3.3312 -0.5119 5.8374 -4.1796 -0.3595 6.3443 0.0160 6.6741 18.8863 1 4 48  
294 295 49 -5.3134 -0.7220 8.7178 -5.9708 -1.1293 9.3517 0.0160 6.6741 18.8863 1 4 49  
300 301 50 -7.6317 -0.5123 11.3428 -8.5957 -0.6238 11.5841 0.0160 6.6741 18.8863 1 4 50  
24 25 9 0.1880 0.6389 2.8369 -0.2708 1.3121 3.4168 0.0160 6.6741 23.8863 1 4 9  
30 31 10 0.1562 0.1946 6.5849 -0.2337 0.5699 7.4258 0.0160 6.6741 23.8863 1 4 10  
45 46 12 3.6158 1.9356 5.4527 4.4113 1.9374 6.0587 0.0160 6.6741 23.8863 1 4 12  
105 106 21 0.8235 0.0212 2.8505 1.4415 0.1310 3.6289 0.0160 6.6741 20.8863 1 4 21  
111 112 22 0.5545 0.3970 6.5075 0.4748 0.9898 7.3089 0.0160 6.6741 20.8863 1 4 22  
132 133 25 5.5279 -0.5554 8.6183 5.9814 -1.2724 9.1478 0.0160 6.6741 20.8863 1 4 25  
159 160 29 14.9022 -1.1191 8.6269 15.6669 -0.6213 9.0360 0.0160 6.6741 20.8863 1 4 29  
186 187 33 -0.8594 0.4024 2.8165 -1.6108 0.3598 3.4751 0.0160 6.6741 19.8863 1 4 33  
192 193 34 -1.2919 1.2399 6.2507 -1.9076 1.6011 6.9509 0.0160 6.6741 19.8863 1 4 34  
213 214 37 -5.1470 5.3818 6.8653 -5.9158 5.9974 7.0385 0.0160 6.6741 19.8863 1 4 37  
219 220 38 -6.8684 7.5619 9.1289 -7.0685 8.5301 9.2790 0.0160 6.6741 19.8863 1 4 38  
234 235 40 -7.4257 9.7216 4.2920 -7.8460 10.6055 4.0869 0.0160 6.6741 19.8863 1 4 40  
240 241 41 -10.3319 11.7949 5.1396 -11.1993 12.2611 4.9653 0.0160 6.6741 19.8863 1 4 41  
267 268 45 -0.5893 -0.1413 2.9126 -1.0681 -0.0388 3.7845 0.0160 6.6741 18.8863 1 4 45  
273 274 46 -1.1162 -0.6325 6.3170 -1.8718 -0.9391 6.8959 0.0160 6.6741 18.8863 1 4 46  
309 310 51 -6.8221 -1.0330 7.4285 -7.6183 -0.4298 7.3804 0.0160 6.6741 18.8863 1 4 51  
315 316 52 -10.0040 -1.0122 8.9700 -10.9962 -0.9000 9.0239 0.0160 6.6741 18.8863 1 4 52  
321 322 53 -13.2009 -0.7088 10.2879 -14.0788 -0.2304 10.2657 0.0160 6.6741 18.8863 1 4 53  
6 7 2 0.8358 0.6196 2.2560 1.0923 0.7936 2.6483 0.2000 7.4515 26.0000 1 3 2  
14 15 2 3.4491 2.4476 4.5580 3.8300 2.7423 4.6924 0.2000 7.4515 26.0000 1 3 2  
88 89 3 1.0639 -0.0934 2.2419 1.3800 -0.1303 2.6275 0.2000 7.4515 23.0000 4 3 3  
96 97 3 4.2849 -0.5553 4.4430 4.7647 -0.6396 4.5556 0.2000 7.4515 23.0000 4 3 3  
169 170 4 -0.8373 0.5956 2.2516 -1.0582 0.8345 2.6313 0.2000 7.4515 22.0000 4 3 4  
177 178 4 -2.8572 3.1985 4.2788 -3.1507 3.5924 4.3721 0.2000 7.4515 22.0000 4 3 4  
250 251 5 -0.7629 -0.3143 2.3533 -0.9848 -0.3818 2.7963 0.2000 7.4515 21.0000 4 3 5  
258 259 5 -3.0436 -0.8809 5.4175 -3.4202 -0.9607 5.7366 0.2000 7.4515 21.0000 4 3 5  
7 8 2 1.0923 0.7936 2.6483 1.3743 0.9839 3.0147 0.2000 9.4875 26.0000 1 3 2  
15 16 2 3.8300 2.7423 4.6924 4.2265 3.0310 4.7894 0.2000 9.4875 26.0000 1 3 2  
89 90 3 1.3800 -0.1303 2.6275 1.7260 -0.1732 2.9859 0.2000 9.4875 23.0000 4 3 3  
97 98 3 4.7647 -0.6396 4.5556 5.2512 -0.7296 4.6282 0.2000 9.4875 23.0000 4 3 3  
170 171 4 -1.0582 0.8345 2.6313 -1.2900 1.1098 2.9784 0.2000 9.4875 22.0000 4 3 4  
178 179 4 -3.1507 3.5924 4.3721 -3.4382 3.9978 4.4266 0.2000 9.4875 22.0000 4 3 4  
251 252 5 -0.9848 -0.3818 2.7963 -1.2286 -0.4508 3.2273 0.2000 9.4875 21.0000 4 3 5  
259 260 5 -3.4202 -0.9607 5.7366 -3.8121 -1.0420 6.0362 0.2000 9.4875 21.0000 4 3 5  
37 38 11 -0.6923 0.2032 10.8758 -1.6345 0.0849 11.1890 0.0160 9.5141 23.8863 1 4 11  
154 155 28 12.8824 -0.6040 6.4452 13.7476 -0.1873 6.1661 0.0160 9.5141 20.8863 1 4 28  
199 200 35 -2.8026 2.3443 10.0573 -3.5171 2.9830 10.3428 0.0160 9.5141 19.8863 1 4 35  
229 230 39 -6.1351 7.3436 3.5862 -6.4742 8.0217 2.9343 0.0160 9.5141 19.8863 1 4 39  
280 281 47 -1.7563 -1.6121 10.5718 -2.2818 -2.2290 11.1577 0.0160 9.5141 18.8863 1 4 47  
52 53 13 6.5699 3.2970 8.7167 7.4648 3.7233 8.8492 0.0160 9.5141 23.8863 1 4 13  
73 74 16 9.3098 9.0552 6.5252 9.9160 9.8340 6.3638 0.0160 9.5141 23.8863 1 4 16  
79 80 17 10.8347 11.5874 8.9658 11.5355 12.2893 9.0930 0.0160 9.5141 23.8863 1 4 17  
106 107 21 1.4415 0.1310 3.6289 2.2948 0.1497 4.1501 0.0160 9.5141 20.8863 1 4 21  
139 140 26 7.3922 1.6887 12.6219 8.2463 2.0716 12.9738 0.0160 9.5141 20.8863 1 4 26  
148 149 27 9.6399 -1.0039 4.7004 10.5325 -0.7214 4.3488 0.0160 9.5141 20.8863 1 4 27  
160 161 29 15.6669 -0.6213 9.0360 16.3572 0.0479 9.3110 0.0160 9.5141 20.8863 1 4 29  
193 194 34 -1.9076 1.6011 6.9509 -2.7565 1.8515 7.4165 0.0160 9.5141 19.8863 1 4 34  
208 209 36 -3.6597 4.1606 4.8861 -4.4770 4.6876 4.6529 0.0160 9.5141 19.8863 1 4 36  
214 215 37 -5.9158 5.9974 7.0385 -6.6980 6.5454 6.7421 0.0160 9.5141 19.8863 1 4 37  
235 236 40 -7.8460 10.6055 4.0869 -7.8846 11.4569 3.5638 0.0160 9.5141 19.8863 1 4 40  
268 269 45 -1.0681 -0.0388 3.7845 -1.5939 0.2614 4.5804 0.0160 9.5141 18.8863 1 4 45  
25 26 9 -0.2708 1.3121 3.4168 -0.5725 2.1632 3.8465 0.0160 9.5141 23.8863 1 4 9  
31 32 10 -0.2337 0.5699 7.4258 -0.9321 0.9354 8.0411 0.0160 9.5141 23.8863 1 4 10  
46 47 12 4.4113 1.9374 6.0587 5.3504 1.7400 6.3398 0.0160 9.5141 23.8863 1 4 12  
58 59 14 8.0555 2.2258 12.4296 8.9423 2.0917 12.8717 0.0160 9.5141 23.8863 1 4 14  
67 68 15 6.8419 6.4850 4.8718 6.9302 7.3132 4.3183 0.0160 9.5141 23.8863 1 4 15  
112 113 22 0.4748 0.9898 7.3089 0.0866 1.7175 7.8743 0.0160 9.5141 20.8863 1 4 22  
118 119 23 -0.3480 0.5356 10.8776 -1.2012 0.6292 11.3907 0.0160 9.5141 20.8863 1 4 23  
127 128 24 5.0757 0.6150 5.5560 5.7663 1.3237 5.7005 0.0160 9.5141 20.8863 1 4 24  
133 134 25 5.9814 -1.2724 9.1478 6.6214 -2.0295 9.2788 0.0160 9.5141 20.8863 1 4 25  
187 188 33 -1.6108 0.3598 3.4751 -2.4267 0.1446 4.0117 0.0160 9.5141 19.8863 1 4 33  
220 221 38 -7.0685 8.5301 9.2790 -7.3387 9.4881 9.1825 0.0160 9.5141 19.8863 1 4 38  
241 242 41 -11.1993 12.2611 4.9653 -11.9679 12.4836 4.3655 0.0160 9.5141 19.8863 1 4 41  
274 275 46 -1.8718 -0.9391 6.8959 -2.6254 -1.4741 7.2779 0.0160 9.5141 18.8863 1 4 46  
289 290 48 -4.1796 -0.3595 6.3443 -5.1240 -0.2200 6.6422 0.0160 9.5141 18.8863 1 4 48  
295 296 49 -5.9708 -1.1293 9.3517 -6.7142 -1.6139 9.8128 0.0160 9.5141 18.8863 1 4 49  
301 302 50 -8.5957 -0.6238 11.5841 -9.5922 -0.6352 11.5012 0.0160 9.5141 18.8863 1 4 50  
310 311 51 -7.6183 -0.4298 7.3804 -8.4469 0.0552 7.1009 0.0160 9.5141 18.8863 1 4 51  
316 317 52 -10.9962 -0.9000 9.0239 -11.9479 -0.8561 8.7202 0.0160 9.5141 18.8863 1 4 52  
322 323 53 -14.0788 -0.2304 10.2657 -14.9762 0.0156 9.8995 0.0160 9.5141 18.8863 1 4 53  
8 9 2 1.3743 0.9839 3.0147 1.6792 1.1900 3.3532 0.2000 12.4875 26.0000 1 3 2  
16 17 2 4.2265 3.0310 4.7894 4.6347 3.3138 4.8477 0.2000 12.4875 26.0000 1 3 2  
90 91 3 1.7260 -0.1732 2.9859 2.0996 -0.2221 3.3145 0.2000 12.4875 23.0000 4 3 3  
98 99 3 5.2512 -0.7296 4.6282 5.7409 -0.8254 4.6604 0.2000 12.4875 23.0000 4 3 3  
171 172 4 -1.2900 1.1098 2.9784 -1.5291 1.4194 3.2898 0.2000 12.4875 22.0000 4 3 4  
179 180 4 -3.4382 3.9978 4.4266 -3.7197 4.4108 4.4413 0.2000 12.4875 22.0000 4 3 4  
260 261 5 -3.8121 -1.0420 6.0362 -4.2185 -1.1249 6.3155 0.2000 12.4875 21.0000 4 3 5  
252 253 5 -1.2286 -0.4508 3.2273 -1.4937 -0.5214 3.6453 0.2000 12.4875 21.0000 4 3 5  
155 156 28 13.7476 -0.1873 6.1661 14.5047 0.3015 5.7327 0.0160 12.9255 20.8863 1 4 28  
32 33 10 -0.9321 0.9354 8.0411 -1.7741 1.3345 8.4043 0.0160 12.9255 23.8863 1 4 10  
38 39 11 -1.6345 0.0849 11.1890 -2.6254 0.1739 11.0879 0.0160 12.9255 23.8863 1 4 11  
68 69 15 6.9302 7.3132 4.3183 7.2135 7.7496 3.4644 0.0160 12.9255 23.8863 1 4 15  
74 75 16 9.9160 9.8340 6.3638 10.3056 10.6058 5.8613 0.0160 12.9255 23.8863 1 4 16  
107 108 21 2.2948 0.1497 4.1501 3.2570 0.3051 4.3739 0.0160 12.9255 20.8863 1 4 21  
113 114 22 0.0866 1.7175 7.8743 -0.2054 2.6456 8.1054 0.0160 12.9255 20.8863 1 4 22  
128 129 24 5.7663 1.3237 5.7005 6.2656 2.1632 5.4862 0.0160 12.9255 20.8863 1 4 24  
149 150 27 10.5325 -0.7214 4.3488 11.3237 -0.7490 3.7380 0.0160 12.9255 20.8863 1 4 27  
161 162 29 16.3572 0.0479 9.3110 17.1824 0.6100 9.3665 0.0160 12.9255 20.8863 1 4 29  
194 195 34 -2.7565 1.8515 7.4165 -3.6801 2.0104 7.7655 0.0160 12.9255 19.8863 1 4 34  
200 201 35 -3.5171 2.9830 10.3428 -4.4273 3.3927 10.4033 0.0160 12.9255 19.8863 1 4 35  
215 216 37 -6.6980 6.5454 6.7421 -7.4156 7.0113 6.2243 0.0160 12.9255 19.8863 1 4 37  
230 231 39 -6.4742 8.0217 2.9343 -6.7421 8.6562 2.2092 0.0160 12.9255 19.8863 1 4 39  
236 237 40 -7.8846 11.4569 3.5638 -7.9230 12.1804 2.8745 0.0160 12.9255 19.8863 1 4 40  
281 282 47 -2.2818 -2.2290 11.1577 -3.0213 -2.7342 11.6025 0.0160 12.9255 18.8863 1 4 47  
311 312 51 -8.4469 0.0552 7.1009 -9.1399 0.4914 6.5269 0.0160 12.9255 18.8863 1 4 51  
53 54 13 7.4648 3.7233 8.8492 8.4360 3.8960 8.6853 0.0160 12.9255 23.8863 1 4 13  
59 60 14 8.9423 2.0917 12.8717 9.8586 1.7095 12.9920 0.0160 12.9255 23.8863 1 4 14  
80 81 17 11.5355 12.2893 9.0930 12.2670 12.9656 9.0068 0.0160 12.9255 23.8863 1 4 17  
119 120 23 -1.2012 0.6292 11.3907 -2.1074 0.7136 11.8049 0.0160 12.9255 20.8863 1 4 23  
134 135 25 6.6214 -2.0295 9.2788 7.4001 -2.6311 9.1007 0.0160 12.9255 20.8863 1 4 25  
140 141 26 8.2463 2.0716 12.9738 9.1033 2.5822 12.9035 0.0160 12.9255 20.8863 1 4 26  
188 189 33 -2.4267 0.1446 4.0117 -3.3063 -0.2860 4.2139 0.0160 12.9255 19.8863 1 4 33  
209 210 36 -4.4770 4.6876 4.6529 -5.2757 4.9987 4.1379 0.0160 12.9255 19.8863 1 4 36  
221 222 38 -7.3387 9.4881 9.1825 -7.7088 10.3361 8.8032 0.0160 12.9255 19.8863 1 4 38  
242 243 41 -11.9679 12.4836 4.3655 -12.6352 12.7435 3.6675 0.0160 12.9255 19.8863 1 4 41  
269 270 45 -1.5939 0.2614 4.5804 -2.2946 0.5103 5.2490 0.0160 12.9255 18.8863 1 4 45  
275 276 46 -2.6254 -1.4741 7.2779 -3.4156 -2.0458 7.4985 0.0160 12.9255 18.8863 1 4 46  
290 291 48 -5.1240 -0.2200 6.6422 -6.0558 -0.0595 6.3167 0.0160 12.9255 18.8863 1 4 48  
296 297 49 -6.7142 -1.6139 9.8128 -7.5178 -2.1825 9.9888 0.0160 12.9255 18.8863 1 4 49  
302 303 50 -9.5922 -0.6352 11.5012 -10.5134 -0.7266 11.1230 0.0160 12.9255 18.8863 1 4 50  
26 27 9 -0.5725 2.1632 3.8465 -0.7760 3.1315 3.9912 0.0160 12.9255 23.8863 1 4 9  
47 48 12 5.3504 1.7400 6.3398 6.3285 1.5343 6.3091 0.0160 12.9255 23.8863 1 4 12  
317 318 52 -11.9479 -0.8561 8.7202 -12.6525 -0.5617 8.0745 0.0160 12.9255 18.8863 1 4 52  
323 324 53 -14.9762 0.0156 9.8995 -15.8304 0.0104 9.3794 0.0160 12.9255 18.8863 1 4 53  
9 10 2 1.6792 1.1900 3.3532 2.0045 1.4118 3.6614 0.2000 17.0019 26.0000 1 3 2  
17 18 2 4.6347 3.3138 4.8477 5.0508 3.5905 4.8662 0.2000 17.0019 26.0000 1 3 2  
91 92 3 2.0996 -0.2221 3.3145 2.4983 -0.2770 3.6113 0.2000 17.0019 23.0000 4 3 3  
99 100 3 5.7409 -0.8254 4.6604 6.2304 -0.9269 4.6520 0.2000 17.0019 23.0000 4 3 3  
172 173 4 -1.5291 1.4194 3.2898 -1.7713 1.7611 3.5628 0.2000 17.0019 22.0000 4 3 4  
180 181 4 -3.7197 4.4108 4.4413 -3.9952 4.8273 4.4156 0.2000 17.0019 22.0000 4 3 4  
253 254 5 -1.4937 -0.5214 3.6453 -1.7793 -0.5936 4.0493 0.2000 17.0019 21.0000 4 3 5  
261 262 5 -4.2185 -1.1249 6.3155 -4.6383 -1.2092 6.5737 0.2000 17.0019 21.0000 4 3 5  
156 157 28 14.5047 0.3015 5.7327 15.1025 0.6602 5.0158 0.0160 17.1978 20.8863 1 4 28  
135 136 25 7.4001 -2.6311 9.1007 8.1748 -2.9114 8.5339 0.0160 17.1978 20.8863 1 4 25  
162 163 29 17.1824 0.6100 9.3665 17.9665 1.2136 9.2217 0.0160 17.1978 20.8863 1 4 29  
201 202 35 -4.4273 3.3927 10.4033 -5.2540 3.9364 10.2585 0.0160 17.1978 19.8863 1 4 35  
33 34 10 -1.7741 1.3345 8.4043 -2.7558 1.5067 8.3235 0.0160 17.1978 23.8863 1 4 10  
39 40 11 -2.6254 0.1739 11.0879 -3.5345 0.4334 10.7619 0.0160 17.1978 23.8863 1 4 11  
69 70 15 7.2135 7.7496 3.4644 7.0932 7.9418 2.4904 0.0160 17.1978 23.8863 1 4 15  
81 82 17 12.2670 12.9656 9.0068 12.9670 13.5589 8.6095 0.0160 17.1978 23.8863 1 4 17  
108 109 21 3.2570 0.3051 4.3739 4.2334 0.5161 4.3281 0.0160 17.1978 20.8863 1 4 21  
114 115 22 -0.2054 2.6456 8.1054 -0.2616 3.6400 8.0169 0.0160 17.1978 20.8863 1 4 22  
195 196 34 -3.6801 2.0104 7.7655 -4.6501 2.1071 7.9882 0.0160 17.1978 19.8863 1 4 34  
222 223 38 -7.7088 10.3361 8.8032 -7.7208 11.0468 8.0997 0.0160 17.1978 19.8863 1 4 38  
237 238 40 -7.9230 12.1804 2.8745 -7.9402 12.6286 1.9807 0.0160 17.1978 19.8863 1 4 40  
282 283 47 -3.0213 -2.7342 11.6025 -3.8690 -3.2280 11.7966 0.0160 17.1978 18.8863 1 4 47  
312 313 51 -9.1399 0.4914 6.5269 -9.4620 0.9345 5.6902 0.0160 17.1978 18.8863 1 4 51  
54 55 13 8.4360 3.8960 8.6853 9.2695 4.1819 8.2125 0.0160 17.1978 23.8863 1 4 13  
120 121 23 -2.1074 0.7136 11.8049 -3.0888 0.8833 11.8954 0.0160 17.1978 20.8863 1 4 23  
129 130 24 6.2656 2.1632 5.4862 6.6163 2.9491 4.9770 0.0160 17.1978 20.8863 1 4 24  
141 142 26 9.1033 2.5822 12.9035 9.7828 3.2284 12.5561 0.0160 17.1978 20.8863 1 4 26  
150 151 27 11.3237 -0.7490 3.7380 11.8349 -0.9388 2.8998 0.0160 17.1978 20.8863 1 4 27  
189 190 33 -3.3063 -0.2860 4.2139 -4.1197 -0.6751 3.7816 0.0160 17.1978 19.8863 1 4 33  
210 211 36 -5.2757 4.9987 4.1379 -5.8223 5.2043 3.3261 0.0160 17.1978 19.8863 1 4 36  
216 217 37 -7.4156 7.0113 6.2243 -8.1990 7.1249 5.6134 0.0160 17.1978 19.8863 1 4 37  
231 232 39 -6.7421 8.6562 2.2092 -7.0219 9.2285 1.4384 0.0160 17.1978 19.8863 1 4 39  
243 244 41 -12.6352 12.7435 3.6675 -13.1168 13.0119 2.8333 0.0160 17.1978 19.8863 1 4 41  
270 271 45 -2.2946 0.5103 5.2490 -3.1362 0.8512 5.6679 0.0160 17.1978 18.8863 1 4 45  
276 277 46 -3.4156 -2.0458 7.4985 -4.3268 -2.4424 7.3868 0.0160 17.1978 18.8863 1 4 46  
291 292 48 -6.0558 -0.0595 6.3167 -6.8222 0.1968 5.7278 0.0160 17.1978 18.8863 1 4 48  
303 304 50 -10.5134 -0.7266 11.1230 -11.2739 -1.0341 10.5510 0.0160 17.1978 18.8863 1 4 50  
318 319 52 -12.6525 -0.5617 8.0745 -13.1322 -0.1515 7.2989 0.0160 17.1978 18.8863 1 4 52  
324 325 53 -15.8304 0.0104 9.3794 -16.5642 0.0435 8.7010 0.0160 17.1978 18.8863 1 4 53  
60 61 14 9.8586 1.7095 12.9920 10.7355 1.2429 12.8768 0.0160 17.1978 23.8863 1 4 14  
75 76 16 10.3056 10.6058 5.8613 10.6363 11.2891 5.2104 0.0160 17.1978 23.8863 1 4 16  
297 298 49 -7.5178 -2.1825 9.9888 -8.3525 -2.7319 10.0270 0.0160 17.1978 18.8863 1 4 49  
27 28 9 -0.7760 3.1315 3.9912 -0.8667 4.1084 3.7980 0.0160 17.1978 23.8863 1 4 9  
48 49 12 6.3285 1.5343 6.3091 7.3032 1.3748 6.1520 0.0160 17.1978 23.8863 1 4 12  
264 265 42 -0.2999 -0.2118 1.9580 -0.6565 -0.5546 5.4324 0.2000 20.4861 19.9464 3 3 42  
265 266 42 -0.6565 -0.5546 5.4324 -1.0232 -0.8635 8.9089 0.2000 20.4861 19.9464 3 3 42  
285 286 43 -2.6043 -0.6192 5.1591 -4.6756 -0.4748 7.9884 0.2000 20.4861 19.9464 3 3 43  
286 287 43 -4.6756 -0.4748 7.9884 -6.8479 -0.3549 10.7420 0.2000 20.4861 19.9464 3 3 43  
306 307 44 -5.8747 -1.2453 7.1891 -9.0911 -1.1629 8.5905 0.2000 20.4861 19.9464 3 3 44  
307 308 44 -9.0911 -1.1629 8.5905 -12.3106 -1.0465 9.9824 0.2000 20.4861 19.9464 3 3 44  
254 255 5 -1.7793 -0.5936 4.0493 -2.0162 -0.6507 4.3509 0.2000 20.4875 21.0000 4 3 5  
262 263 5 -4.6383 -1.2092 6.5737 -4.9733 -1.2758 6.7571 0.2000 20.4875 21.0000 4 3 5  
271 272 45 -3.1362 0.8512 5.6679 -3.7849 1.0746 5.8141 0.0160 21.0000 18.8863 1 4 45  
277 278 46 -4.3268 -2.4424 7.3868 -4.7838 -2.8235 7.0154 0.0160 21.0000 18.8863 1 4 46  
283 284 47 -3.8690 -3.2280 11.7966 -4.4695 -3.5816 11.7168 0.0160 21.0000 18.8863 1 4 47  
292 293 48 -6.8222 0.1968 5.7278 -7.1443 0.4079 5.1415 0.0160 21.0000 18.8863 1 4 48  
298 299 49 -8.3525 -2.7319 10.0270 -8.9434 -3.0680 9.8542 0.0160 21.0000 18.8863 1 4 49  
304 305 50 -11.2739 -1.0341 10.5510 -11.7199 -1.0066 10.0103 0.0160 21.0000 18.8863 1 4 50  
313 314 51 -9.4620 0.9345 5.6902 -9.6278 1.0268 5.0149 0.0160 21.0000 18.8863 1 4 51  
319 320 52 -13.1322 -0.1515 7.2989 -13.3836 0.0234 6.6678 0.0160 21.0000 18.8863 1 4 52  
325 326 53 -16.5642 0.0435 8.7010 -16.8465 0.1135 8.0627 0.0160 21.0000 18.8863 1 4 53  
183 184 30 -0.4121 0.2673 1.9324 -0.9211 0.8478 5.4088 0.2000 21.4861 20.9464 3 3 30  
184 185 30 -0.9211 0.8478 5.4088 -1.5732 1.3494 8.8735 0.2000 21.4861 20.9464 3 3 30  
204 205 31 -2.5133 2.6684 4.4001 -4.4777 4.7024 6.5646 0.2000 21.4861 20.9464 3 3 31  
205 206 31 -4.4777 4.7024 6.5646 -6.4361 6.7646 8.7077 0.2000 21.4861 20.9464 3 3 31  
225 226 32 -4.8975 5.9363 4.2253 -6.9302 8.8565 4.3700 0.2000 21.4861 20.9464 3 3 32  
226 227 32 -6.9302 8.8565 4.3700 -9.5815 11.1491 4.9989 0.2000 21.4861 20.9464 3 3 32  
173 174 4 -1.7713 1.7611 3.5628 -2.0006 2.0786 3.7762 0.2000 21.4875 22.0000 4 3 4  
181 182 4 -3.9952 4.8273 4.4156 -4.2355 5.1983 4.3566 0.2000 21.4875 22.0000 4 3 4  
190 191 33 -4.1197 -0.6751 3.7816 -4.6807 -0.9018 3.1686 0.0160 22.0000 19.8863 1 4 33  
196 197 34 -4.6501 2.1071 7.9882 -5.4535 2.4166 8.0152 0.0160 22.0000 19.8863 1 4 34  
202 203 35 -5.2540 3.9364 10.2585 -6.0037 4.2845 10.0164 0.0160 22.0000 19.8863 1 4 35  
211 212 36 -5.8223 5.2043 3.3261 -5.9531 5.3190 2.4825 0.0160 22.0000 19.8863 1 4 36  
217 218 37 -8.1990 7.1249 5.6134 -8.7380 7.2231 4.9487 0.0160 22.0000 19.8863 1 4 37  
223 224 38 -7.7208 11.0468 8.0997 -7.4755 11.3952 7.3512 0.0160 22.0000 19.8863 1 4 38  
232 233 39 -7.0219 9.2285 1.4384 -7.2155 9.5140 0.6492 0.0160 22.0000 19.8863 1 4 39  
238 239 40 -7.9402 12.6286 1.9807 -7.8856 12.7430 1.1288 0.0160 22.0000 19.8863 1 4 40  
244 245 41 -13.1168 13.0119 2.8333 -13.4062 12.9957 2.0222 0.0160 22.0000 19.8863 1 4 41  
102 103 18 0.4044 0.0308 1.9426 0.5801 0.1299 5.5441 0.2000 22.4861 21.9464 3 3 18  
103 104 18 0.5801 0.1299 5.5441 0.4599 0.1714 9.1491 0.2000 22.4861 21.9464 3 3 18  
123 124 19 3.5297 -0.1863 4.6501 5.2002 -0.0160 7.8426 0.2000 22.4861 21.9464 3 3 19  
124 125 19 5.2002 -0.0160 7.8426 6.3235 1.0096 11.1134 0.2000 22.4861 21.9464 3 3 19  
144 145 20 7.6736 -1.2084 4.8285 11.0210 -0.9631 6.1502 0.2000 22.4861 21.9464 3 3 20  
145 146 20 11.0210 -0.9631 6.1502 14.0736 -1.0900 8.0678 0.2000 22.4861 21.9464 3 3 20  
10 11 2 2.0045 1.4118 3.6614 2.3465 1.6482 3.9368 0.2000 22.4875 26.0000 1 3 2  
18 19 2 5.0508 3.5905 4.8662 5.4695 3.8605 4.8444 0.2000 22.4875 26.0000 1 3 2  
92 93 3 2.4983 -0.2770 3.6113 2.9181 -0.3376 3.8735 0.2000 22.4875 23.0000 4 3 3  
100 101 3 6.2304 -0.9269 4.6520 6.7150 -1.0339 4.6034 0.2000 22.4875 23.0000 4 3 3  
157 158 28 15.1025 0.6602 5.0158 15.6252 0.9010 4.1980 0.0160 22.9178 20.8863 1 4 28  
40 41 11 -3.5345 0.4334 10.7619 -4.4028 0.6676 10.3248 0.0160 22.9178 23.8863 1 4 11  
55 56 13 9.2695 4.1819 8.2125 10.0216 4.4187 7.5975 0.0160 22.9178 23.8863 1 4 13  
109 110 21 4.2334 0.5161 4.3281 5.1013 0.2979 3.8819 0.0160 22.9178 20.8863 1 4 21  
136 137 25 8.1748 -2.9114 8.5339 8.7680 -3.2201 7.7904 0.0160 22.9178 20.8863 1 4 25  
70 71 15 7.0932 7.9418 2.4904 6.9954 7.8729 1.4976 0.0160 22.9178 23.8863 1 4 15  
82 83 17 12.9670 13.5589 8.6095 13.6306 13.8534 7.9217 0.0160 22.9178 23.8863 1 4 17  
115 116 22 -0.2616 3.6400 8.0169 -0.6057 4.5571 7.8154 0.0160 22.9178 20.8863 1 4 22  
163 164 29 17.9665 1.2136 9.2217 18.5516 1.9010 8.7915 0.0160 22.9178 20.8863 1 4 29  
34 35 10 -2.7558 1.5067 8.3235 -3.5855 1.5951 7.7722 0.0160 22.9178 23.8863 1 4 10  
76 77 16 10.6363 11.2891 5.2104 10.8296 11.8491 4.4048 0.0160 22.9178 23.8863 1 4 16  
121 122 23 -3.0888 0.8833 11.8954 -4.0556 0.9452 11.6474 0.0160 22.9178 20.8863 1 4 23  
130 131 24 6.6163 2.9491 4.9770 6.7941 3.6557 4.2921 0.0160 22.9178 20.8863 1 4 24  
142 143 26 9.7828 3.2284 12.5561 10.2742 3.4532 11.7147 0.0160 22.9178 20.8863 1 4 26  
151 152 27 11.8349 -0.9388 2.8998 11.8384 -1.0145 1.9026 0.0160 22.9178 20.8863 1 4 27  
49 50 12 7.3032 1.3748 6.1520 8.2538 1.1839 5.9073 0.0160 22.9178 23.8863 1 4 12  
61 62 14 10.7355 1.2429 12.8768 11.6183 0.8931 12.5633 0.0160 22.9178 23.8863 1 4 14  
28 29 9 -0.8667 4.1084 3.7980 -0.7709 4.8910 3.1829 0.0160 22.9178 23.8863 1 4 9  
19 20 2 5.4695 3.8605 4.8444 5.6177 3.9539 4.8224 0.2000 25.0000 26.0000 1 3 2  
21 22 6 0.3621 0.2280 1.9420 0.5177 0.2843 5.6568 0.2000 25.4861 24.9464 3 3 6  
22 23 6 0.5177 0.2843 5.6568 0.5238 0.2577 9.3753 0.2000 25.4861 24.9464 3 3 6  
42 43 7 2.9663 1.8349 4.6990 5.1625 2.4468 7.6367 0.2000 25.4861 24.9464 3 3 7  
43 44 7 5.1625 2.4468 7.6367 6.7998 2.6714 10.9678 0.2000 25.4861 24.9464 3 3 7  
63 64 8 5.9946 4.6967 5.0028 8.2261 7.4140 6.2128 0.2000 25.4861 24.9464 3 3 8  
64 65 8 8.2261 7.4140 6.2128 9.6568 10.2922 8.0827 0.2000 25.4861 24.9464 3 3 8  
